generation,N_shifts,logPrior,logLik,eventRate,acceptRate
0,0,0.120855,-92.1087,1,0
1000,0,-0.15822,-53.9856,0.468093,0.496
2000,0,-1.89998,-54.4583,1.08152,0.463
3000,1,-0.675717,-55.0415,0.199209,0.445518
4000,0,-1.36982,-53.4429,0.297576,0.476
5000,0,0.437632,-53.2807,0.366314,0.446667
6000,0,-1.40552,-57.3245,0.643474,0.417
7000,0,-1.52071,-54.2787,2.11449,0.438
8000,0,-1.76256,-53.0277,1.12841,0.412
9000,0,-0.46052,-54.0712,0.0175457,0.4374
10000,0,-1.31379,-55.5572,0.00391692,0.449555
11000,0,-0.312448,-52.6473,0.164795,0.449868
12000,1,-3.42914,-54.9782,0.949378,0.429
13000,0,-0.0750392,-53.1849,0.22072,0.434
14000,2,-3.1336,-52.5716,1.58257,0.440667
15000,1,-0.824562,-53.9539,1.21235,0.5055
16000,0,-0.706664,-52.5272,0.312176,0.382
17000,0,0.476012,-53.7334,0.18111,0.44875
18000,1,-4.80718,-54.0117,1.98742,0.462429
19000,0,-0.598685,-56.0161,0.0697473,0.508
20000,0,0.11707,-52.9915,0.315729,0.399
21000,0,-1.96805,-54.7792,1.23565,0.4286
22000,0,-5.57621,-54.479,1.64902,0.409
23000,0,-0.0608883,-53.3346,0.633266,0.427
24000,0,-0.28752,-53.5921,0.989907,0.4468
25000,0,-0.0993607,-53.4095,0.790911,0.431
26000,2,-4.14969,-53.8613,0.814469,0.426667
27000,0,-0.584336,-53.3901,0.0183341,0.447667
28000,1,0.220136,-53.6956,0.938955,0.402
29000,0,0.00910671,-54.4874,0.467747,0.418
30000,1,-2.42291,-54.5923,0.492665,0.422
31000,1,-0.910656,-53.6486,0.642135,0.441
32000,0,-1.90267,-52.8425,0.441286,0.443333
33000,0,0.0964551,-56.4372,0.248397,0.478
34000,0,-0.644285,-53.0076,1.27875,0.412
35000,0,0.158084,-53.2944,0.0300123,0.4258
36000,0,-0.728265,-53.8699,1.26784,0.4005
37000,0,0.439224,-53.7548,0.0911784,0.541
38000,0,-0.321491,-55.3106,0.516622,0.47
39000,0,-2.60924,-52.4372,0.593822,0.403
40000,0,0.567764,-54.2468,0.0663853,0.455
41000,0,-1.46564,-52.6021,0.382893,0.453813
42000,2,-2.30419,-54.2093,0.659794,0.436
43000,2,-4.26858,-52.8759,2.06387,0.531
44000,1,-3.15397,-53.1737,1.80862,0.4825
45000,1,-0.364193,-55.8925,0.545377,0.4879
46000,1,-1.52366,-52.9327,2.33455,0.464
47000,0,-1.12825,-56.3236,0.0388373,0.437
48000,0,0.126174,-53.6288,0.576884,0.430333
49000,0,0.422754,-53.2603,0.266657,0.415
50000,1,-0.311011,-52.8924,0.57234,0.459333
51000,0,-3.49974,-52.1321,1.67759,0.486
52000,0,0.258384,-56.1234,0.0247088,0.466
53000,0,-0.113164,-54.1587,0.156534,0.484071
54000,0,0.215679,-53.7743,0.348728,0.4495
55000,0,0.373149,-53.452,0.382435,0.428
56000,0,0.0319243,-53.7661,0.0857864,0.394
57000,0,-0.0680034,-53.6148,0.195878,0.507
58000,0,0.489064,-53.4686,0.210299,0.47
59000,0,-0.509965,-56.5066,0.624273,0.459
60000,0,-0.343458,-54.9109,0.781427,0.508
61000,0,0.434853,-55.6981,0.0664394,0.464167
62000,0,-0.561346,-52.8767,0.561924,0.4418
63000,0,0.424993,-54.2767,0.37515,0.512667
64000,1,-0.502094,-53.6521,0.710511,0.433
65000,0,-0.616561,-54.591,0.279848,0.497
66000,0,-0.214839,-53.5109,0.815159,0.4754
67000,0,0.437226,-60.9164,0.0909435,0.4225
68000,0,0.0145951,-55.1125,0.55127,0.437
69000,0,0.600682,-52.8152,0.0184818,0.437
70000,0,0.323105,-55.3109,0.0013201,0.413667
71000,0,-2.41081,-56.3445,0.0172325,0.438667
72000,1,-2.18054,-53.3673,0.763218,0.462667
73000,0,-0.286912,-53.7784,0.625128,0.452333
74000,0,0.251586,-53.6763,0.170938,0.4665
75000,0,-0.529,-55.6406,0.837939,0.44
76000,0,0.00954639,-54.2611,0.0913065,0.366
77000,0,-0.0266853,-55.6365,0.358318,0.40875
78000,0,-0.361789,-54.1521,0.525575,0.441
79000,0,-1.11344,-55.5883,1.38452,0.401
80000,0,-1.51438,-54.9099,0.366655,0.368
81000,0,0.37148,-53.0439,0.0655788,0.418
82000,0,0.415653,-55.2045,0.152987,0.394
83000,3,-5.66223,-54.5935,1.24325,0.487
84000,0,0.105123,-55.4375,0.143753,0.438385
85000,0,-1.81013,-53.3782,1.54308,0.405
86000,0,0.532049,-54.2493,0.0671207,0.445057
87000,0,-1.13293,-56.2515,1.58367,0.48025
88000,3,-2.61586,-54.4386,0.737252,0.436333
89000,1,-1.6585,-53.2578,0.388425,0.629
90000,0,0.639884,-53.5336,0.0635022,0.465
91000,0,-0.808088,-52.6908,0.203128,0.596
92000,0,0.346567,-55.1702,0.307033,0.4
93000,0,-2.21819,-55.5152,1.58884,0.487857
94000,0,-0.0290313,-54.3672,0.530272,0.442
95000,0,-0.550053,-57.0644,0.564659,0.429
96000,0,-1.98894,-52.1004,0.731211,0.50725
97000,0,0.179849,-53.7992,0.295686,0.5457
98000,1,-1.06271,-56.3304,1.6644,0.418667
99000,0,0.544054,-55.7079,0.00939488,0.46
100000,0,0.615922,-53.2218,0.0646192,0.518
101000,0,0.44885,-54.699,0.163298,0.488333
102000,0,-1.0416,-53.3563,0.0374698,0.396
103000,0,-1.33703,-52.4221,1.35363,0.450667
104000,0,-0.919994,-52.3819,0.434727,0.44
105000,0,-3.44734,-54.9985,3.8722,0.4338
106000,0,0.428087,-52.9075,0.228898,0.424
107000,0,-0.131131,-57.3703,0.232235,0.457333
108000,0,-0.397481,-53.9301,1.18356,0.4355
109000,0,0.425572,-52.9198,0.151041,0.425
110000,0,-0.127925,-55.0213,0.389141,0.44
111000,0,0.0969463,-52.6255,0.006982,0.452
112000,0,0.577251,-54.4066,0.0496242,0.4424
113000,0,0.28018,-54.2424,0.299422,0.448
114000,0,-1.24507,-53.0132,0.0176205,0.472237
115000,0,-0.270855,-52.8887,0.383218,0.421
116000,0,-0.310026,-53.6806,0.235579,0.451333
117000,0,0.37146,-54.7248,0.165338,0.4302
118000,0,-0.370758,-53.559,0.134137,0.438
119000,0,-0.668347,-53.9627,0.464361,0.413
120000,0,0.334156,-53.8638,0.0185169,0.433
121000,0,-3.29314,-52.2739,0.140699,0.4425
122000,0,-1.0108,-53.5996,0.371443,0.437
123000,0,-0.576602,-53.6676,0.790524,0.46025
124000,0,0.625674,-54.5006,0.211994,0.403
125000,0,-0.239835,-54.3636,0.0781654,0.4358
126000,0,-0.362436,-53.325,0.961085,0.4455
127000,0,-0.444222,-53.4259,0.516508,0.423692
128000,0,0.498166,-53.9332,0.156307,0.438
129000,0,-0.358102,-52.5098,0.059363,0.473333
130000,0,-0.293496,-54.522,0.0778544,0.477
131000,0,-0.138547,-53.2508,0.666124,0.4
132000,0,-1.30686,-54.0028,1.68268,0.451
133000,0,0.072439,-53.6783,0.411024,0.45575
134000,1,-0.460683,-53.8048,0.881191,0.419
135000,0,-0.585131,-53.2039,1.12459,0.458909
136000,0,-1.00211,-52.753,0.803221,0.555
137000,0,-0.498652,-56.3224,0.669079,0.510667
138000,0,0.540018,-53.5787,0.183054,0.425
139000,0,-0.714109,-57.2927,0.327326,0.483571
140000,0,0.619733,-53.9832,0.0435803,0.401
141000,1,-2.11684,-54.5272,1.11005,0.549
142000,0,-0.970811,-55.4165,0.332707,0.458
143000,0,-0.482719,-53.7034,1.36007,0.4894
144000,0,-1.08358,-53.3402,1.0446,0.4735
145000,1,0.720891,-55.2584,0.19259,0.442
146000,2,-2.53371,-52.9198,0.747053,0.466111
147000,0,-0.500666,-55.0138,0.942568,0.4605
148000,0,0.292583,-53.6497,0.315223,0.471
149000,2,-2.53118,-54.877,1.83837,0.482
150000,0,0.0201413,-52.6294,0.232378,0.449
151000,0,-0.291019,-53.5782,0.232743,0.4125
152000,0,0.157862,-53.2216,0.555746,0.4336
153000,0,0.417463,-53.4043,0.308326,0.434
154000,0,-0.609567,-52.5455,0.0299735,0.41
155000,1,0.769257,-52.5353,0.221174,0.45
156000,0,-0.0854881,-56.1697,0.219971,0.435333
157000,0,-1.74705,-53.4032,0.761432,0.405
158000,0,-0.197837,-52.9146,0.219273,0.440083
159000,0,0.364031,-55.2352,0.157484,0.416
160000,0,0.179309,-54.3469,0.398911,0.429
161000,0,0.874142,-54.911,0.0146137,0.443
162000,0,0.033893,-53.7939,0.445197,0.4538
163000,0,-1.88342,-52.4361,0.00368037,0.417
164000,0,0.279186,-55.3204,0.0863165,0.442
165000,2,-1.64308,-54.7396,1.72704,0.48
166000,0,-1.64503,-54.2172,0.73835,0.45
167000,0,-0.362119,-55.4272,0.423232,0.446214
168000,0,0.394246,-53.344,0.27479,0.493
169000,1,0.203742,-54.6619,0.656547,0.532
170000,0,-2.41079,-54.5004,0.354248,0.399
171000,0,0.203006,-53.8055,0.405763,0.4498
172000,0,-0.308671,-53.5147,0.0358731,0.399
173000,0,-1.78857,-54.2826,1.06125,0.463667
174000,0,-0.55724,-56.907,0.437853,0.405
175000,0,-0.224755,-53.3011,0.883001,0.471
176000,0,-0.61948,-53.0129,0.118829,0.447571
177000,0,-2.82029,-52.5703,0.147047,0.438333
178000,0,-4.98235,-52.9847,0.852805,0.491
179000,0,-0.491291,-53.6805,0.96023,0.462
180000,0,0.138541,-54.0969,0.211827,0.4665
181000,0,-0.503339,-53.707,0.198281,0.452
182000,0,-0.176597,-55.0185,0.271794,0.49
183000,0,-0.420919,-54.2892,0.138292,0.4
184000,0,0.381874,-53.1302,0.0383842,0.460174
185000,0,0.2532,-56.3563,0.177829,0.407
186000,0,-1.4772,-52.4161,0.0952725,0.438
187000,0,-1.00814,-56.1541,1.47696,0.4755
188000,0,-0.440508,-53.7196,0.0103806,0.4625
189000,1,-1.57576,-53.7942,2.30124,0.419
190000,0,0.459454,-53.2903,0.175383,0.426
191000,0,0.203453,-53.1835,0.264146,0.428375
192000,0,0.495045,-53.6859,0.188488,0.429
193000,0,0.235834,-54.1529,0.280713,0.388
194000,0,-2.40414,-52.4426,0.82654,0.391
195000,0,0.148447,-53.4709,0.557951,0.481
196000,0,-1.73695,-54.3541,1.06601,0.404
197000,0,0.718486,-53.0543,0.0766677,0.399
198000,0,0.217088,-53.688,0.425624,0.443
199000,2,0.684144,-54.021,0.496074,0.483
200000,0,-0.5984,-52.7347,0.42503,0.488
201000,0,-0.07988,-53.3135,0.847505,0.471
202000,0,0.684995,-52.9889,0.00425047,0.444667
203000,0,0.423677,-53.014,0.11352,0.455
204000,0,-1.07356,-54.4742,0.207753,0.421
205000,0,0.0852909,-53.7399,0.255654,0.398
206000,0,0.166807,-54.6468,0.379621,0.413
207000,0,-1.75477,-54.0931,0.813152,0.408
208000,0,0.418114,-53.5302,0.256097,0.452167
209000,0,-0.539526,-52.5951,0.898832,0.43
210000,0,-0.206707,-54.4763,0.373107,0.457444
211000,0,0.412295,-56.6758,0.255341,0.432
212000,0,0.388209,-54.4937,0.0957005,0.420333
213000,0,-1.02618,-55.5508,0.0271015,0.453333
214000,0,-0.151913,-54.814,0.641208,0.453042
215000,0,-0.264769,-54.6253,0.0714675,0.502
216000,0,-1.04314,-53.0199,1.16116,0.547
217000,0,-0.558626,-53.9227,0.248285,0.467
218000,0,-0.633769,-54.2727,0.14716,0.385
219000,0,-6.2057,-53.1456,1.1346,0.456714
220000,0,0.472672,-53.5372,0.252535,0.419
221000,0,-1.6131,-57.8295,0.426824,0.443
222000,0,0.0213894,-54.0341,0.0945025,0.4435
223000,0,-1.00598,-54.5536,0.1414,0.435
224000,0,-0.818364,-55.4328,0.28295,0.446
225000,0,0.586783,-54.4857,0.076704,0.479
226000,1,-1.33893,-54.5186,2.20619,0.430333
227000,1,-0.167089,-52.8873,0.373391,0.4065
228000,0,-0.289452,-56.1677,0.44308,0.447
229000,0,-1.505,-53.397,0.669238,0.426
230000,0,0.124599,-53.408,0.402086,0.43
231000,0,-0.393334,-53.2198,0.0603639,0.383
232000,0,-0.710498,-53.2689,0.717458,0.4825
233000,0,-1.91332,-52.5877,1.15363,0.422
234000,1,-1.71474,-53.4317,0.587247,0.479
235000,0,-3.80991,-51.9678,0.264705,0.41
236000,0,-1.13974,-55.689,0.64232,0.461429
237000,0,-1.08708,-54.6893,0.670826,0.406
238000,0,-2.68667,-52.0988,0.043563,0.403
239000,0,-0.964505,-56.4717,0.858495,0.521
240000,0,-0.872838,-54.2488,0.0584853,0.444
241000,0,0.229948,-53.6244,0.497227,0.44
242000,0,-1.41778,-52.7711,0.45555,0.454091
243000,1,-3.94363,-53.5176,2.23751,0.486
244000,1,-0.763569,-55.3481,1.28839,0.425
245000,0,-2.37035,-53.149,1.22696,0.5125
246000,0,0.349148,-53.9772,0.268145,0.414
247000,0,-1.55028,-53.4704,1.38099,0.447323
248000,0,-0.388271,-54.305,0.171524,0.484
249000,0,0.401541,-54.9637,0.123175,0.412
250000,0,-2.91864,-55.2492,0.676053,0.443333
251000,0,-2.0795,-53.0735,0.404994,0.411
252000,0,-1.14425,-53.7624,1.03363,0.470667
253000,0,-0.324456,-54.6614,0.763995,0.425
254000,0,0.493597,-53.2748,0.294053,0.507
255000,0,-0.305975,-54.4476,0.703809,0.472
256000,0,-0.709937,-54.0049,1.42301,0.501286
257000,0,0.153742,-52.8411,0.329881,0.414
258000,2,-4.21631,-55.5472,2.2528,0.488571
259000,0,-1.61699,-52.8023,0.440908,0.595
260000,0,-0.85876,-53.497,1.34575,0.461
261000,0,0.0412197,-54.8396,0.466657,0.481882
262000,0,-0.126938,-53.828,0.789638,0.4626
263000,0,-2.79438,-52.4183,0.284502,0.394
264000,0,0.383993,-53.6099,0.181987,0.384
265000,0,-0.0995126,-53.9444,0.0565975,0.411
266000,0,-2.7537,-55.5535,0.134987,0.3988
267000,0,-0.608125,-52.6879,0.256805,0.396
268000,0,0.361117,-53.3239,0.382889,0.426
269000,0,0.174784,-53.4276,0.0677806,0.463429
270000,1,-0.298649,-53.8237,0.968167,0.435
271000,0,-1.77906,-53.6207,2.10034,0.44
272000,0,-0.444668,-53.7919,0.502772,0.43
273000,0,0.451725,-52.9378,0.013591,0.44
274000,0,-0.456163,-53.2285,0.389786,0.426286
275000,0,0.416128,-54.7784,0.0631722,0.436143
276000,0,-0.610067,-54.2277,1.2181,0.402
277000,0,-0.616484,-52.5356,0.289312,0.451
278000,0,-1.15556,-53.838,1.73772,0.414
279000,0,-0.313922,-54.38,0.451148,0.43
280000,0,-1.90786,-53.2695,0.328592,0.431778
281000,0,-0.378972,-54.2624,0.0511247,0.351
282000,0,-3.04312,-54.033,0.822791,0.473
283000,0,-1.4459,-53.8891,1.62241,0.433
284000,0,0.423759,-54.3323,0.095439,0.47
285000,0,-1.39735,-54.7572,0.11864,0.430182
286000,0,-1.42585,-52.9678,0.162765,0.428143
287000,0,0.345859,-53.153,0.194506,0.42
288000,0,-0.248616,-53.2574,1.03356,0.426
289000,0,-0.285504,-55.6557,0.540838,0.529
290000,0,0.0326786,-53.7642,0.106251,0.506
291000,0,-2.11783,-52.6389,0.546521,0.417
292000,0,-3.59398,-52.4497,1.73511,0.416
293000,0,0.275947,-53.7699,0.229868,0.405
294000,0,0.537575,-53.1789,0.252627,0.45625
295000,1,-2.18512,-53.5952,0.503949,0.397
296000,2,-4.65484,-54.7676,3.41683,0.446667
297000,2,-2.54087,-53.921,1.65529,0.478
298000,0,-0.246371,-53.4455,0.117236,0.584
299000,0,0.1816,-54.0828,0.258165,0.398
300000,0,-1.05231,-53.5028,1.61359,0.50025
301000,0,-0.956135,-53.8938,0.0104553,0.452211
302000,0,-0.259254,-55.0211,0.967576,0.4335
303000,0,-0.208622,-55.3969,0.209818,0.405
304000,0,-0.774157,-55.2688,1.20282,0.47
305000,0,-0.44548,-56.2316,0.196996,0.5265
306000,0,0.228608,-53.0549,0.432227,0.498714
307000,0,-0.0634888,-53.2696,0.42347,0.431
308000,0,-0.105734,-52.564,0.182592,0.5195
309000,0,-0.7549,-52.6143,0.562112,0.481455
310000,1,-1.40702,-53.7254,0.862484,0.486667
311000,0,0.384804,-54.0937,0.317535,0.461
312000,0,-0.987574,-53.5053,0.385596,0.467857
313000,0,-0.624778,-52.4924,0.761379,0.39
314000,1,-1.43425,-53.6711,0.785298,0.476
315000,0,-0.403027,-54.8992,0.311935,0.499
316000,0,-0.495087,-53.5769,1.27833,0.495
317000,0,-1.44794,-54.79,0.376033,0.4575
318000,0,-0.711847,-53.6237,0.388178,0.44975
319000,0,-3.20485,-55.3722,1.05971,0.424
320000,0,-1.46707,-54.1802,1.67112,0.417
321000,0,-0.185335,-52.6859,0.283674,0.434
322000,0,-3.03693,-52.6529,0.690878,0.444455
323000,0,-0.899337,-53.2129,1.24185,0.557
324000,1,-1.90595,-53.4194,1.09906,0.533
325000,0,-1.50234,-53.7128,0.593683,0.528
326000,0,0.370642,-53.5711,0.440732,0.4927
327000,0,-0.162196,-54.624,0.395028,0.406
328000,0,-5.35979,-53.3955,0.0362046,0.457
329000,1,-2.83513,-55.1029,0.594683,0.447667
330000,0,-0.510875,-55.2207,0.586056,0.4745
331000,0,-1.52617,-52.4794,0.251354,0.453
332000,1,-3.54495,-54.6189,0.513566,0.459143
333000,0,0.307106,-53.5124,0.00192339,0.47
334000,1,-0.876062,-54.5717,0.37668,0.494
335000,0,-0.192031,-54.5279,0.36169,0.399
336000,0,-1.32371,-53.0624,1.20598,0.446667
337000,0,0.338768,-53.4727,0.292884,0.426
338000,0,0.285774,-53.3254,0.317079,0.4105
339000,0,0.373727,-53.8829,0.312558,0.4335
340000,0,-0.404727,-54.5289,0.97535,0.432
341000,0,-1.49675,-53.2273,1.65861,0.387
342000,0,-0.148833,-54.0082,0.961306,0.441308
343000,0,0.73121,-53.3466,0.0271408,0.4362
344000,1,-4.3437,-52.9293,0.947521,0.434
345000,0,-0.345429,-54.1883,0.629359,0.4425
346000,0,-0.452309,-53.6055,0.75219,0.422
347000,0,-1.32857,-53.094,1.47226,0.426375
348000,0,-0.518396,-55.0793,1.30778,0.4245
349000,0,-0.234427,-53.4063,0.656815,0.42875
350000,1,-3.22129,-52.7317,0.0275591,0.5955
351000,0,0.0321203,-53.4285,0.713686,0.49625
352000,0,-0.836617,-54.6988,0.0792687,0.433
353000,1,0.389399,-53.5017,0.639711,0.487
354000,0,0.310457,-54.5434,0.228763,0.455
355000,0,-0.246673,-54.7992,0.522705,0.461
356000,0,-0.83052,-54.3284,0.131203,0.4715
357000,1,-1.15759,-54.2806,1.55258,0.401
358000,0,-2.31977,-55.2835,0.300437,0.478333
359000,0,0.0345539,-53.8039,0.519556,0.419
360000,0,-2.56742,-53.2137,0.0665716,0.455
361000,0,0.0201389,-53.6609,0.675569,0.456
362000,0,0.136362,-53.5106,0.535111,0.4455
363000,0,-1.21257,-52.917,0.291467,0.465
364000,0,-3.45603,-52.9329,0.622554,0.5
365000,0,-0.767285,-52.4081,0.0681881,0.455
366000,0,0.418411,-53.0116,0.0240886,0.431
367000,1,-1.28837,-52.4525,1.51283,0.465
368000,1,-1.57387,-53.2745,0.931896,0.45
369000,0,-0.521202,-53.0178,0.393331,0.496286
370000,0,-0.540843,-53.7276,1.41143,0.411
371000,0,-0.166987,-53.8435,0.204344,0.4857
372000,0,-0.0471743,-54.8383,0.522834,0.4855
373000,1,-1.1029,-52.5389,0.479181,0.43
374000,0,-2.35899,-53.8667,0.358075,0.510667
375000,0,-2.40074,-53.3888,1.04727,0.42
376000,1,-3.96606,-53.4883,1.85332,0.419
377000,0,-6.67662,-52.2841,1.07159,0.452
378000,0,0.565025,-53.7067,0.0945771,0.397
379000,0,-0.813031,-55.5544,0.242329,0.453818
380000,0,-1.04873,-53.6909,0.501554,0.384
381000,0,0.435538,-53.7745,0.173992,0.475594
382000,1,0.180598,-54.1513,0.948703,0.659
383000,0,-0.751368,-54.0982,0.108317,0.4723
384000,1,-3.1487e-05,-52.6697,0.963032,0.435
385000,0,-0.572658,-55.5911,0.466037,0.5034
386000,0,0.10252,-54.5505,0.0669291,0.466
387000,0,0.399231,-55.2424,0.0271724,0.493
388000,0,0.273396,-53.3928,0.453829,0.482667
389000,1,-0.587371,-56.1412,0.570892,0.479727
390000,0,0.128785,-54.632,0.303985,0.486833
391000,0,-0.908597,-52.3845,0.62824,0.434
392000,0,0.429315,-53.3504,0.332961,0.4388
393000,0,-1.21762,-52.5444,0.160401,0.423
394000,1,-0.024574,-54.2705,1.49919,0.4375
395000,3,-2.28402,-53.0124,1.72312,0.605
396000,1,-0.0599443,-53.4603,0.19103,0.603
397000,0,-1.04955,-54.1163,1.67928,0.471875
398000,0,-1.38343,-55.5272,2.13077,0.5012
399000,0,-0.887863,-53.4545,0.231553,0.413
400000,0,-1.48753,-53.6515,0.0960351,0.47275
401000,0,0.698995,-53.4239,0.0733615,0.385
402000,0,0.512611,-53.5523,0.125966,0.4574
403000,0,-1.24105,-54.6237,0.177152,0.45475
404000,0,-1.54383,-53.6733,1.02883,0.470615
405000,0,-1.79046,-54.0874,0.530006,0.4
406000,0,0.630114,-53.3504,0.210574,0.404
407000,0,-0.106869,-52.8529,0.679568,0.4264
408000,0,0.68842,-53.6627,0.0916436,0.474
409000,0,-1.88985,-53.1417,0.939701,0.44475
410000,0,-1.6729,-52.853,0.21517,0.453
411000,0,0.0900982,-52.667,0.0123868,0.43825
412000,0,-0.0206238,-53.6182,0.648186,0.473
413000,1,-1.83342,-54.4432,0.406422,0.458571
414000,0,-0.944024,-55.8857,0.312891,0.57
415000,0,-1.0664,-52.8462,0.764878,0.452
416000,0,-0.0714225,-56.663,0.185269,0.476
417000,0,-1.15202,-52.5979,0.77747,0.448
418000,0,0.0637802,-53.3583,0.630342,0.433
419000,0,-0.480803,-53.0479,0.799244,0.461889
420000,0,0.357036,-53.2144,0.291426,0.495
421000,1,0.547246,-54.0634,0.736356,0.432
422000,0,-0.916593,-53.8691,0.896846,0.41
423000,1,-0.661712,-55.8226,0.936789,0.455
424000,0,-4.44327,-52.8273,1.10505,0.459813
425000,0,0.128163,-55.0214,0.187709,0.466833
426000,0,0.154507,-56.2261,0.245244,0.488
427000,0,0.651797,-53.1786,0.113214,0.492
428000,0,-0.115391,-52.835,0.600296,0.45075
429000,0,-1.62571,-53.5125,0.5665,0.418
430000,0,0.150438,-54.2904,0.0532525,0.470556
431000,0,-1.75891,-54.1194,1.86585,0.536
432000,0,0.0221666,-53.003,0.294989,0.470222
433000,0,0.355336,-54.7196,0.143654,0.437
434000,0,-1.10803,-55.9933,0.809736,0.479
435000,0,0.503109,-55.9391,0.164982,0.44025
436000,0,0.296167,-52.9162,0.481984,0.574
437000,1,-1.29662,-54.2511,1.78703,0.595
438000,0,0.0535193,-53.3337,0.661061,0.469286
439000,0,-4.18006,-52.9207,0.733015,0.4766
440000,1,-1.30033,-53.4687,1.95037,0.456
441000,0,-0.590261,-54.495,1.15943,0.443
442000,0,-1.32016,-52.7888,0.074956,0.461846
443000,0,-0.949373,-54.0595,0.492502,0.429
444000,0,-0.333977,-53.1387,0.97203,0.432857
445000,0,-0.245204,-53.9315,0.884287,0.439
446000,0,-0.0697056,-54.3255,0.129758,0.465
447000,0,-0.639042,-55.7616,1.02272,0.485167
448000,1,0.078887,-55.2196,0.475851,0.54
449000,0,0.514871,-53.9057,0.118079,0.518
450000,1,0.601995,-53.2077,0.623871,0.442
451000,0,-0.0302375,-53.3267,0.78307,0.423
452000,0,-0.749928,-54.3271,0.113579,0.4364
453000,0,-0.0965677,-54.4522,0.0989254,0.4245
454000,1,-3.39571,-54.0312,0.330128,0.374
455000,0,0.670733,-53.2982,0.00931979,0.467
456000,0,-1.27805,-54.5774,0.107446,0.436875
457000,1,-1.03573,-52.8355,0.998066,0.462059
458000,0,0.0556644,-54.4492,0.465922,0.41
459000,0,-1.44677,-52.898,0.278106,0.366
460000,0,0.565752,-53.47,0.136149,0.43775
461000,0,-0.159357,-52.7586,0.599821,0.434111
462000,0,-0.606319,-53.6505,0.0170139,0.422667
463000,0,0.736676,-54.6503,0.166326,0.415
464000,0,0.265897,-53.4977,0.158848,0.443333
465000,1,-0.232772,-55.7215,0.367704,0.5115
466000,0,-0.444612,-52.7834,0.922348,0.474
467000,0,-0.239203,-55.2166,0.0815062,0.461
468000,2,-2.00815,-54.9471,1.0746,0.448
469000,1,-0.108429,-53.644,0.929835,0.498833
470000,0,-0.888372,-54.0081,0.935627,0.4701
471000,0,0.306648,-55.1164,0.100302,0.407
472000,0,-0.510344,-53.6187,0.0519656,0.357
473000,0,-1.0888,-54.4825,0.192922,0.465
474000,0,-0.798259,-57.2098,0.432631,0.426
475000,0,-0.955299,-54.7703,0.368477,0.425
476000,0,-0.69214,-54.0067,0.0399351,0.385
477000,1,-1.60089,-52.3455,0.573009,0.424125
478000,0,-0.523387,-52.5116,0.0178947,0.4155
479000,0,-0.215033,-53.0935,0.0453158,0.5345
480000,0,-0.510405,-56.0035,0.818916,0.421
481000,0,-0.311638,-53.554,1.01821,0.488
482000,0,0.402316,-54.0767,0.156279,0.402
483000,1,-3.1843,-52.56,0.706151,0.425
484000,0,-0.576382,-56.0717,0.504207,0.442937
485000,0,0.143627,-54.094,0.415968,0.4065
486000,1,-1.79459,-55.1997,0.922587,0.472
487000,0,-0.20451,-53.8443,0.00948708,0.471
488000,0,0.313857,-53.1304,0.00849328,0.462667
489000,0,-0.870267,-53.2173,0.622755,0.44108
490000,0,-0.433958,-53.3333,0.0600449,0.414
491000,0,0.18266,-53.9164,0.464925,0.433333
492000,1,-0.522949,-53.4253,0.40201,0.446
493000,0,0.426522,-54.3116,0.332434,0.431231
494000,0,-2.54714,-52.6844,0.0712177,0.4395
495000,0,-1.03109,-55.9714,1.35696,0.4494
496000,0,0.0743469,-53.7047,0.0452013,0.442667
497000,0,-0.376607,-54.2958,0.782219,0.491
498000,0,0.287614,-55.6548,0.0198887,0.427
499000,0,-0.54864,-54.7311,0.535872,0.425
500000,0,-0.32688,-54.2932,0.590153,0.4535
501000,0,-0.233748,-53.0037,0.266406,0.467
502000,0,-1.035,-53.1052,0.728544,0.384
503000,0,0.549488,-53.312,0.192579,0.431
504000,0,-1.35465,-55.366,0.306378,0.44675
505000,0,-0.0131804,-52.8187,0.138907,0.483
506000,0,0.378304,-53.2631,0.198661,0.454091
507000,0,0.58964,-53.8146,0.123364,0.478
508000,0,-0.27202,-54.1212,0.992866,0.499
509000,0,0.436273,-53.5267,0.213073,0.441
510000,0,0.692693,-53.2395,0.00590322,0.48325
511000,0,0.472221,-53.3254,0.0362853,0.461
512000,1,-1.44007,-54.2898,0.898232,0.473429
513000,2,-8.61424,-56.2699,1.68065,0.452
514000,0,-1.1937,-52.9996,1.29599,0.477333
515000,0,-2.24812,-52.8138,0.963776,0.468167
516000,0,-3.251,-54.0296,1.8874,0.5575
517000,0,0.188833,-54.0954,0.455444,0.365
518000,0,0.579284,-53.4893,0.0486698,0.463742
519000,0,-0.835284,-55.3008,0.233489,0.45
520000,0,0.19613,-53.2782,0.582846,0.401
521000,0,0.327849,-52.9304,0.101435,0.4765
522000,0,-1.68659,-53.1922,2.38852,0.399
523000,0,-1.82314,-52.4383,0.256439,0.4014
524000,0,0.434137,-54.9297,0.262359,0.474
525000,0,-1.17635,-53.7646,0.258779,0.478
526000,0,0.838274,-54.6985,0.0403219,0.523
527000,0,0.0550518,-54.0241,0.200955,0.455
528000,0,-1.98545,-54.4692,1.16568,0.453
529000,0,-0.657314,-52.5091,0.979027,0.463
530000,0,0.391475,-53.5556,0.105262,0.47625
531000,0,0.000168057,-54.1413,0.61874,0.445
532000,1,-4.31452,-55.1762,0.0619015,0.488
533000,0,0.263968,-52.7208,0.0952145,0.465
534000,0,-0.813321,-54.6553,0.331131,0.448
535000,0,0.705071,-53.5394,0.0108192,0.427
536000,0,-0.102232,-53.6344,0.316523,0.446952
537000,0,-0.00381978,-53.1272,0.192891,0.4095
538000,3,-6.2301,-56.036,1.33807,0.485
539000,0,0.225906,-52.8995,0.201066,0.63
540000,0,-3.10769,-55.2257,1.20152,0.492214
541000,0,-0.580496,-52.8684,0.140322,0.413
542000,1,-2.54747,-53.2028,0.838791,0.4798
543000,2,-5.24839,-53.5295,0.600151,0.584
544000,0,0.160317,-54.4789,0.12187,0.429
545000,0,0.0492316,-53.706,0.0418529,0.49
546000,0,-0.0382193,-55.5755,0.0828243,0.4205
547000,0,-3.06409,-54.6206,2.72159,0.414
548000,0,-0.194398,-54.4851,0.284304,0.453571
549000,0,-0.433198,-53.6062,0.603681,0.4466
550000,0,0.558579,-52.9221,0.191001,0.4155
551000,0,0.569707,-54.875,0.0523737,0.42
552000,0,-0.7577,-52.3977,0.580193,0.428
553000,0,-0.144115,-53.1215,0.959152,0.412667
554000,0,-2.97399,-53.6566,0.467605,0.430667
555000,0,-0.288284,-52.8022,0.169002,0.433167
556000,0,-0.975764,-56.2893,0.152386,0.472
557000,0,-1.97326,-56.1641,2.46255,0.493
558000,1,-0.45669,-56.12,0.488382,0.454667
559000,0,0.398865,-54.1054,0.17152,0.405
560000,0,-1.78879,-52.9179,0.796758,0.448667
561000,0,-0.167572,-55.7295,0.183702,0.45375
562000,0,-2.59716,-52.5034,0.967293,0.502
563000,2,-3.58092,-54.8574,1.49257,0.424667
564000,0,-2.22633,-54.771,2.0388,0.455333
565000,0,0.00155227,-53.7531,0.419559,0.395
566000,1,-1.71965,-53.4765,0.295942,0.454
567000,0,0.199821,-53.4048,0.0126006,0.43375
568000,1,0.490687,-53.5083,0.682504,0.4405
569000,0,0.238607,-56.0683,0.670892,0.442
570000,0,0.242666,-55.4602,0.053919,0.423667
571000,0,-0.594639,-55.4192,0.432099,0.428
572000,0,-0.133507,-55.4049,0.0471758,0.426
573000,0,0.0505187,-54.658,0.337853,0.421
574000,0,-0.0177793,-52.6703,0.433155,0.42775
575000,0,-0.251628,-53.6485,0.423153,0.473667
576000,0,-0.00909617,-55.4003,0.114496,0.4585
577000,0,-0.276585,-54.5158,0.887609,0.437
578000,0,-1.25398,-52.5922,0.176736,0.47
579000,0,-0.215676,-53.4376,0.566763,0.54
580000,0,-0.690731,-54.2139,0.135715,0.423
581000,0,0.399066,-54.5395,0.154407,0.46025
582000,0,-0.764965,-53.706,1.2164,0.431
583000,0,-2.39278,-52.3053,0.695267,0.440667
584000,1,-5.63329,-52.9576,2.22661,0.470033
585000,3,-4.44684,-55.2316,1.33344,0.545333
586000,0,0.0486248,-55.1696,0.510888,0.545
587000,0,-1.61941,-58.5307,0.411556,0.407
588000,0,-1.00198,-55.0045,0.7976,0.407
589000,0,-3.78261,-56.1362,0.0972567,0.4655
590000,0,-0.358602,-52.7653,0.60409,0.403
591000,1,0.00592514,-53.4643,1.10549,0.511
592000,0,0.511592,-53.1694,0.255091,0.463
593000,0,0.1264,-54.5076,0.711238,0.469294
594000,0,0.576204,-53.8058,0.0344253,0.4501
595000,0,0.538137,-53.2479,0.309725,0.434
596000,1,-1.50684,-53.0969,1.24449,0.45625
597000,0,0.177126,-53.6724,0.465612,0.413
598000,0,0.553277,-52.7302,0.0241563,0.4476
599000,0,-1.0011,-52.6811,0.427925,0.4385
600000,1,-1.16363,-54.6466,0.32379,0.496
601000,0,-0.838305,-53.08,0.601238,0.454444
602000,0,-0.248788,-56.4103,0.634568,0.454
603000,0,-1.68372,-53.0781,1.62573,0.518
604000,0,-1.50819,-53.059,0.207351,0.415
605000,0,-0.540705,-54.1623,1.11923,0.465429
606000,0,0.581933,-53.72,0.127187,0.392
607000,2,0.591773,-53.3787,0.172982,0.413333
608000,0,0.0914472,-53.6826,0.266105,0.4885
609000,0,-0.946891,-52.4828,0.790522,0.43
610000,0,0.682137,-53.4948,0.0634999,0.421
611000,0,0.0944218,-56.0013,0.178119,0.449313
612000,0,-1.26612,-57.7983,0.041313,0.4325
613000,0,-2.12654,-52.9864,0.684533,0.398
614000,0,-2.43658,-54.7129,0.745471,0.502
615000,0,0.0334471,-54.008,0.00433696,0.396
616000,0,-1.15784,-53.9508,0.39245,0.436
617000,0,-5.34037,-52.1963,0.479792,0.507
618000,0,-0.455804,-54.4914,0.0732108,0.425
619000,0,0.694749,-53.1544,0.00299748,0.439857
620000,0,0.693175,-53.6693,0.0420422,0.394
621000,0,0.0556682,-53.7968,0.375083,0.418
622000,0,-0.150525,-58.0271,0.215131,0.445833
623000,0,-0.368026,-54.0494,1.0013,0.423
624000,1,-1.14797,-53.7619,0.499117,0.448647
625000,0,-1.45648,-55.917,0.632054,0.411
626000,0,-0.49013,-53.8429,0.248318,0.434
627000,0,0.105506,-53.7058,0.129186,0.414
628000,0,0.383847,-53.5877,0.156051,0.402
629000,0,0.283925,-55.1988,0.170327,0.4315
630000,0,-0.636008,-53.8823,0.29035,0.417417
631000,0,0.0642459,-53.8065,0.333495,0.4175
632000,3,-3.2034,-55.9392,1.05844,0.45575
633000,0,-0.0972651,-55.1501,0.270728,0.4535
634000,0,-0.621042,-52.6815,0.753419,0.461
635000,0,-0.766198,-56.015,0.190519,0.4464
636000,0,0.100103,-53.7824,0.485381,0.404
637000,0,-0.142113,-55.2501,0.545471,0.46
638000,0,-0.680817,-52.8252,0.271796,0.42325
639000,0,0.405926,-52.7148,0.220734,0.444375
640000,0,0.637203,-53.2134,0.162333,0.423
641000,0,-0.713347,-53.2164,0.453988,0.437667
642000,0,-0.593283,-53.6784,0.187968,0.447
643000,0,-0.532937,-53.5284,0.567122,0.409
644000,0,-0.328758,-55.2485,0.259532,0.42075
645000,0,-5.20381,-56.0855,0.536241,0.413375
646000,0,0.23328,-53.3012,0.41632,0.379
647000,0,0.61999,-53.5185,0.014031,0.435
648000,0,-1.27998,-52.6254,1.47747,0.413
649000,0,-1.56103,-54.355,0.859712,0.458
650000,0,0.0668843,-55.2911,0.0480107,0.4195
651000,0,-1.40718,-54.2375,0.0611979,0.415
652000,1,-4.54932,-53.7907,4.04337,0.439
653000,0,-0.942849,-56.6589,1.03669,0.446
654000,0,-0.415854,-58.1378,0.758044,0.423
655000,0,-0.327175,-53.4354,1.0487,0.401
656000,0,0.434481,-54.3292,0.231215,0.426571
657000,0,-1.96485,-53.3611,2.58574,0.427458
658000,0,-0.320666,-53.0161,0.127117,0.432267
659000,0,0.642835,-53.4791,0.0557478,0.4625
660000,0,0.111168,-53.6637,0.194317,0.406
661000,0,-0.221884,-54.4321,0.158842,0.411
662000,0,-0.320489,-52.609,0.0939037,0.4615
663000,0,0.294579,-54.4018,0.222948,0.413
664000,1,0.617144,-54.4333,0.957938,0.424
665000,0,-2.15957,-52.8991,0.368294,0.436571
666000,0,-0.77839,-52.8274,0.719151,0.443
667000,0,-1.72496,-52.4171,0.58763,0.431
668000,1,0.501722,-55.2014,0.7494,0.441455
669000,0,-0.263393,-54.4926,0.762712,0.492
670000,0,-0.93846,-53.4422,0.546709,0.442889
671000,0,0.34255,-53.5415,0.0729629,0.4845
672000,1,-1.54224,-55.5058,1.12955,0.444
673000,0,-2.02038,-54.8091,0.327351,0.448
674000,0,-1.19605,-53.3022,0.554097,0.4745
675000,1,-2.98299,-55.0246,0.885644,0.464364
676000,0,-0.0370528,-53.6042,0.710453,0.42
677000,0,0.0133063,-53.9199,0.418075,0.498333
678000,0,-2.10708,-53.1356,0.136373,0.418
679000,0,0.334318,-53.5077,0.322363,0.4562
680000,2,-4.03674,-54.1868,1.12266,0.446
681000,0,-0.293615,-53.4621,0.889329,0.461
682000,2,-3.40054,-56.112,1.4668,0.458222
683000,0,-0.837696,-54.7487,0.953772,0.443
684000,0,-0.540405,-55.0833,1.21038,0.46475
685000,1,-1.88617,-52.4877,0.91905,0.448
686000,0,-0.803579,-54.2986,0.137094,0.461
687000,0,-0.405966,-55.3649,0.820835,0.4245
688000,0,-0.743261,-54.9613,1.25767,0.411
689000,0,-0.921458,-53.0793,0.243416,0.458
690000,0,-0.433013,-53.9791,0.517376,0.43075
691000,0,-2.59721,-52.642,1.08421,0.457231
692000,0,-1.20994,-53.309,0.369166,0.453
693000,0,-0.415922,-57.7668,0.433447,0.389
694000,0,-0.537145,-52.9635,0.44902,0.392
695000,1,0.547505,-53.9115,0.249192,0.486
696000,0,-3.21221,-52.0392,0.388032,0.412
697000,0,-0.94987,-52.3238,0.167734,0.415
698000,0,-0.209293,-53.4268,0.734446,0.422
699000,1,-3.81473,-54.1733,3.28551,0.515
700000,1,-0.733031,-57.1374,0.671509,0.535
701000,0,-2.7729,-54.7572,0.0991127,0.4512
702000,0,-0.584553,-58.7093,0.327933,0.392
703000,0,0.352931,-52.7449,0.0177724,0.442
704000,0,-2.80868,-58.2272,0.388789,0.377
705000,0,-0.719527,-53.831,1.3729,0.398
706000,0,-1.26099,-54.0202,0.28435,0.431
707000,1,0.216093,-54.7933,0.523966,0.462
708000,3,-3.85505,-54.7088,1.08763,0.462333
709000,0,-0.778233,-55.3656,1.11242,0.5835
710000,1,-0.137258,-53.565,0.668392,0.501
711000,0,-1.1626,-53.0019,0.354079,0.478667
712000,0,0.467946,-55.6245,0.149642,0.462
713000,0,-0.911076,-54.0201,0.0206365,0.439773
714000,0,-0.137401,-54.2343,0.410577,0.433
715000,0,-0.314961,-54.2991,0.0436866,0.438
716000,0,-0.0486998,-53.015,0.67111,0.506
717000,0,0.155226,-53.0056,0.571499,0.432
718000,0,0.269609,-53.5819,0.424273,0.443
719000,0,-1.49869,-52.6072,0.717717,0.465
720000,0,0.38166,-53.0861,0.410312,0.405
721000,1,-0.378768,-52.606,0.605024,0.458
722000,1,-2.47644,-55.1399,0.337585,0.613
723000,0,0.229212,-54.2174,0.0901352,0.451519
724000,0,-3.29083,-52.4727,0.864305,0.482
725000,0,-0.0597174,-54.405,0.345479,0.413
726000,0,0.353056,-53.7697,0.109076,0.468786
727000,0,0.0367739,-52.9808,0.608825,0.383
728000,0,0.183612,-53.3353,0.489203,0.483
729000,0,-1.39991,-53.5496,1.26509,0.432
730000,1,-1.8021,-53.3299,0.689431,0.43
731000,0,-0.790917,-52.4148,0.411681,0.4925
732000,0,-3.20181,-53.8899,1.23779,0.438
733000,0,0.334219,-53.2772,0.289339,0.4695
734000,1,-1.90158,-53.29,0.921361,0.476
735000,0,-0.0391001,-52.6135,0.302552,0.402
736000,0,-0.658924,-53.3606,1.36301,0.407
737000,0,-0.40389,-54.9539,0.671337,0.421
738000,0,-0.982624,-55.0687,0.520024,0.433167
739000,0,-1.32414,-53.6235,0.10231,0.458333
740000,0,-0.712101,-53.8898,0.485248,0.3995
741000,1,-1.91696,-53.022,1.68649,0.464387
742000,2,-3.59344,-55.0269,1.49337,0.621
743000,0,-0.637646,-54.1891,1.26591,0.569
744000,0,0.487179,-56.2764,0.0568264,0.419
745000,0,-1.52148,-52.9985,0.0340617,0.404
746000,0,-0.434832,-55.1187,0.867124,0.399
747000,0,-0.718523,-53.7243,0.147929,0.496714
748000,1,-3.20599,-53.6738,0.834004,0.461182
749000,1,-3.38245,-54.8223,0.784575,0.482
750000,0,-0.23458,-53.3941,0.0773377,0.471818
751000,0,0.374807,-53.7392,0.257497,0.424
752000,0,-0.236042,-52.8611,0.338073,0.433333
753000,0,-0.365431,-55.5247,0.625085,0.495
754000,0,-0.0509628,-54.609,0.415402,0.42
755000,0,-0.252166,-56.5917,0.42124,0.453
756000,1,-2.21891,-53.488,0.361834,0.46375
757000,0,0.496626,-53.942,0.0151919,0.446364
758000,0,-0.592895,-53.7502,1.2801,0.477667
759000,0,-1.96228,-55.7005,1.5602,0.429333
760000,0,0.0758173,-53.1597,0.208986,0.409333
761000,0,-1.1597,-54.8664,1.05628,0.425
762000,0,-0.705947,-55.3226,1.03125,0.465
763000,0,-0.708248,-55.0179,1.31746,0.425
764000,0,-0.237618,-53.7437,0.255201,0.441
765000,0,-1.23282,-54.3406,1.36456,0.452
766000,0,-0.0807027,-55.0986,0.0756928,0.447
767000,0,-0.68801,-54.9374,0.146652,0.395
768000,0,0.294488,-52.9545,0.217395,0.44
769000,0,0.428425,-54.7103,0.0570463,0.533
770000,0,-0.114067,-53.7226,0.296891,0.437263
771000,0,0.757799,-54.6315,0.0350576,0.427
772000,0,-2.40502,-53.065,2.20848,0.431
773000,0,0.184151,-56.4688,0.00759301,0.4514
774000,1,-0.960038,-52.6483,1.17262,0.446889
775000,0,-4.13012,-53.1321,0.111353,0.546
776000,0,0.382277,-53.2531,0.271083,0.414
777000,0,-1.17834,-54.8049,0.737097,0.45775
778000,1,-2.52314,-53.3185,0.758401,0.425
779000,0,-1.52104,-52.8802,0.698358,0.441
780000,0,-1.47009,-53.2994,0.238214,0.455
781000,0,-2.63759,-54.5202,0.53209,0.414333
782000,0,-0.150391,-53.4467,0.86521,0.446538
783000,0,-1.89585,-55.2449,0.616084,0.533
784000,0,0.239197,-54.1634,0.230466,0.476
785000,0,-0.091044,-54.2949,0.947529,0.389
786000,0,-0.862322,-56.0454,1.15324,0.451
787000,1,-1.58847,-53.7331,0.823705,0.413
788000,0,-2.62187,-52.6445,0.892983,0.448625
789000,0,-1.44525,-57.2278,1.41625,0.433
790000,0,-2.6252,-53.618,0.407023,0.444077
791000,0,-0.797346,-55.2478,0.709957,0.474333
792000,0,-0.488472,-53.3192,0.962742,0.401
793000,0,-1.22391,-56.0419,0.896992,0.422
794000,0,-0.23268,-54.5366,0.88484,0.423
795000,0,-1.57891,-53.237,0.21655,0.444714
796000,1,-5.55343,-55.0578,0.03278,0.436
797000,0,0.359945,-53.3161,0.385294,0.43
798000,0,-1.17438,-53.8249,0.100727,0.426778
799000,2,-0.809027,-56.1613,0.294575,0.418
800000,2,-6.69663,-56.0735,3.40028,0.645
801000,0,-1.42621,-52.9519,0.562463,0.462455
802000,0,0.599664,-53.1026,0.132904,0.459
803000,0,0.374314,-53.5127,0.206733,0.476
804000,1,-2.33097,-54.9521,0.259297,0.459
805000,0,-0.0757895,-53.2357,0.00711665,0.414
806000,0,0.0142641,-54.2067,0.315493,0.4967
807000,0,0.340096,-52.7056,0.161794,0.399
808000,0,0.0141799,-54.5215,0.604203,0.437
809000,0,0.153779,-54.6554,0.338122,0.457
810000,0,0.107403,-53.2247,0.125206,0.422
811000,0,-2.43134,-54.3278,0.274359,0.43
812000,0,-0.848438,-53.7422,1.25887,0.385
813000,0,-0.103756,-54.3447,0.600345,0.445167
814000,0,0.0511414,-52.8293,0.575604,0.411
815000,0,-2.39472,-52.815,0.371654,0.394
816000,0,-0.745337,-55.9117,0.873204,0.507
817000,0,-1.12471,-54.315,0.252398,0.438
818000,0,0.444234,-53.7919,0.215161,0.443615
819000,0,-0.807754,-53.8845,0.836962,0.481
820000,0,0.181754,-55.346,0.217824,0.446
821000,0,-0.0816451,-54.8493,0.171332,0.444947
822000,0,-1.81245,-55.2102,2.00214,0.446
823000,0,-0.368414,-54.8537,0.640561,0.474
824000,0,0.372919,-53.5792,0.119496,0.45675
825000,2,-4.83193,-52.7412,1.67537,0.462
826000,0,0.6307,-53.7576,0.0763431,0.469
827000,0,-1.34964,-53.7958,0.477134,0.4535
828000,0,-0.398528,-52.9303,0.315378,0.449455
829000,0,-0.801066,-52.8293,0.204448,0.4475
830000,0,-2.11849,-52.6057,0.29933,0.424
831000,0,-0.0192982,-56.0917,0.558776,0.522
832000,0,-2.76901,-53.8563,0.365355,0.441111
833000,0,0.623689,-53.651,0.0594539,0.489
834000,0,-1.54288,-55.2267,0.351506,0.496
835000,0,-0.438849,-53.6646,1.08667,0.393
836000,0,0.213895,-54.5383,0.272076,0.435
837000,0,0.0881429,-54.5779,0.219793,0.4365
838000,2,0.285367,-53.9925,1.1418,0.465
839000,0,-2.02763,-52.613,0.882147,0.553
840000,0,-0.32908,-54.783,0.532276,0.395
841000,1,0.215597,-54.8822,0.650786,0.5232
842000,0,0.608941,-53.2533,0.134217,0.43
843000,0,-0.036999,-54.0029,0.12893,0.4
844000,0,-0.14824,-53.4934,0.370852,0.444
845000,2,-1.5651,-55.138,1.19215,0.49725
846000,0,-0.830897,-55.387,0.295757,0.442
847000,0,-1.31023,-54.4767,1.14965,0.455714
848000,0,0.473693,-55.9044,0.28671,0.407
849000,1,-2.55249,-54.6789,1.28597,0.419
850000,0,-0.371997,-53.3565,0.598489,0.461417
851000,0,-0.208318,-52.9826,0.776871,0.449714
852000,0,-0.693833,-52.6025,0.312784,0.4765
853000,0,-2.55816,-52.8745,1.02137,0.47625
854000,0,0.168196,-52.9036,0.485479,0.4545
855000,0,-0.437197,-53.8264,0.746164,0.404
856000,0,-0.352083,-54.8922,0.575375,0.459
857000,0,0.469237,-53.1727,0.131659,0.509
858000,0,-0.95414,-53.3469,0.247313,0.433
859000,0,0.182137,-52.7279,0.277441,0.4455
860000,0,0.499918,-53.7341,0.161521,0.498
861000,0,0.403084,-54.1152,0.144298,0.447333
862000,1,-0.211807,-54.8248,0.403406,0.458
863000,0,-2.28775,-52.5846,0.376647,0.429667
864000,0,-0.35599,-57.0548,0.311388,0.438786
865000,0,0.339822,-57.6468,0.0646811,0.504
866000,0,0.015086,-55.3431,0.0367326,0.427
867000,0,-0.441162,-52.5926,0.153344,0.477
868000,0,0.111852,-53.4635,0.55506,0.446235
869000,0,-0.0596338,-53.7322,0.53857,0.4295
870000,0,-0.226284,-52.7153,0.406845,0.442
871000,1,-2.25815,-54.1822,0.598279,0.433
872000,0,0.466965,-53.9258,0.0830645,0.474
873000,0,0.649288,-57.8207,0.0822286,0.44575
874000,0,-0.468039,-52.7021,0.23882,0.422
875000,0,-0.919189,-53.0991,1.40936,0.449667
876000,3,-5.12104,-59.3229,1.77262,0.443786
877000,2,-0.6676,-54.4098,0.835254,0.631
878000,0,-0.774231,-52.5645,0.41828,0.464
879000,3,-6.66834,-54.2346,3.03034,0.48725
880000,2,-2.65307,-56.0625,2.62846,0.638
881000,0,-0.155172,-56.9922,0.253709,0.448
882000,0,-1.18935,-53.2048,0.994513,0.5045
883000,0,-0.328274,-56.3563,0.113278,0.393
884000,0,0.260524,-54.3061,0.344536,0.404
885000,0,-0.094648,-56.2245,0.278777,0.44665
886000,2,0.863506,-54.2311,0.249735,0.493
887000,2,-2.9342,-52.4002,2.53577,0.473231
888000,0,-2.83127,-54.199,0.524301,0.441
889000,0,0.176635,-53.4948,0.145812,0.446
890000,0,-3.17067,-52.3074,0.705451,0.452
891000,0,-1.6147,-54.2138,0.490961,0.433
892000,2,-0.543928,-53.7161,1.53376,0.45
893000,0,-1.73082,-53.0255,0.0977834,0.474
894000,1,-5.05618,-53.4241,0.730252,0.486
895000,0,-1.61605,-53.5873,1.769,0.562
896000,0,0.048773,-53.2128,0.522675,0.46
897000,0,-3.58056,-52.8225,0.197479,0.404
898000,0,-2.45289,-53.0724,0.156533,0.392
899000,0,0.115164,-52.8229,0.503253,0.413
900000,0,0.0768497,-55.4551,0.03824,0.46
901000,1,0.491979,-53.6812,0.357561,0.465769
902000,0,-1.02933,-53.3174,0.67838,0.4834
903000,1,-1.08461,-53.3636,0.567265,0.478364
904000,0,-2.00739,-52.1178,0.228947,0.509
905000,0,-0.868217,-56.2838,0.256463,0.464
906000,0,0.332885,-53.6791,0.283849,0.375
907000,0,-2.20821,-52.6467,0.403656,0.510333
908000,0,0.720301,-54.1353,0.0193282,0.51
909000,0,-1.71295,-52.4794,0.246631,0.492222
910000,0,-3.40339,-52.4417,2.26852,0.416
911000,0,-2.02641,-52.976,1.89841,0.416
912000,1,-2.94928,-52.6234,1.28695,0.429
913000,0,-0.763884,-53.7699,0.254673,0.446
914000,0,-0.119263,-52.8531,0.467671,0.458833
915000,0,-1.43641,-53.0148,2.02616,0.447
916000,0,-0.839701,-54.6695,0.172867,0.4385
917000,0,0.164642,-54.1583,0.272458,0.414
918000,0,0.0225759,-54.4351,0.483761,0.444
919000,0,-0.507298,-55.8543,0.0589545,0.4465
920000,0,-2.16456,-55.8823,1.22114,0.435
921000,0,0.30903,-54.9287,0.115424,0.477
922000,0,-0.618407,-56.4135,1.07025,0.498
923000,0,-2.13756,-53.9592,0.025692,0.4432
924000,2,-3.82068,-53.422,0.726226,0.525
925000,1,-0.145543,-54.1454,1.21236,0.591
926000,0,-1.47407,-53.0516,0.439602,0.4925
927000,0,-5.85932,-52.0028,0.161769,0.428
928000,0,-0.161858,-52.7635,0.139261,0.406
929000,0,-1.09946,-54.4688,0.666963,0.468043
930000,0,-3.58812,-53.1961,0.028992,0.428
931000,0,-0.372856,-55.0325,0.147472,0.515
932000,1,-0.821671,-54.4158,1.44274,0.4605
933000,2,-3.14156,-55.3951,0.884639,0.457875
934000,0,0.118893,-53.8277,0.575233,0.457
935000,1,-1.12617,-52.7542,0.803749,0.513
936000,0,-0.982835,-56.0005,0.962338,0.499667
937000,0,-0.156014,-53.4464,0.774736,0.474111
938000,0,-1.31163,-53.8352,0.316648,0.386
939000,0,-2.42394,-55.1195,0.567204,0.459375
940000,1,-0.805282,-55.069,1.49327,0.446
941000,0,-0.059954,-53.2695,0.339462,0.463667
942000,0,0.35714,-53.4585,0.290042,0.446
943000,0,-4.59667,-52.9971,0.516478,0.656
944000,0,-0.777849,-53.83,1.42839,0.439
945000,0,-3.00381,-52.2576,0.815933,0.52075
946000,0,-3.55309,-53.998,0.490092,0.4675
947000,0,-1.95662,-52.8354,1.63518,0.425
948000,0,0.116862,-52.8031,0.10828,0.494
949000,0,-1.00395,-58.2139,0.867291,0.4586
950000,0,-0.106336,-53.4801,0.313728,0.425
951000,0,0.250284,-53.8673,0.21628,0.426
952000,1,-3.71405,-53.5488,0.983068,0.4655
953000,0,0.374881,-55.2071,0.239832,0.45325
954000,0,-0.198936,-52.6351,0.203802,0.399
955000,0,-2.52662,-53.031,0.336435,0.449
956000,0,0.00791246,-54.1509,0.386574,0.421
957000,0,0.125354,-55.4462,0.246362,0.434
958000,1,0.119045,-54.6954,0.17006,0.451
959000,0,-3.55153,-52.9578,1.73674,0.408
960000,1,-0.51096,-54.71,1.05324,0.451556
961000,0,-1.12,-53.5418,1.42699,0.413
962000,0,0.777078,-53.6977,0.0343742,0.454333
963000,1,0.567748,-55.4221,0.176299,0.464
964000,0,0.523934,-53.8894,0.11726,0.4385
965000,0,-0.0973162,-53.7066,0.728622,0.439667
966000,0,-1.07635,-53.8113,1.50873,0.441333
967000,0,-0.212382,-53.3674,0.0265783,0.429
968000,0,-1.03299,-53.3462,0.787174,0.444667
969000,0,-1.76776,-53.3481,1.18639,0.431
970000,0,-0.909376,-54.5723,0.917043,0.421
971000,0,0.588855,-54.3077,0.0649313,0.395
972000,0,0.0408444,-53.5438,0.536969,0.4349
973000,0,-4.11592,-53.7801,1.12774,0.441444
974000,1,-3.22284,-56.4668,1.05269,0.506333
975000,0,0.175918,-54.7702,0.144717,0.411
976000,0,0.628381,-53.9084,0.0753109,0.49675
977000,0,-0.029023,-53.6056,0.728526,0.441
978000,2,-2.05768,-54.069,2.69192,0.464
979000,0,-0.544686,-52.688,1.09242,0.5165
980000,0,-1.68735,-53.2726,0.111671,0.443
981000,0,0.329609,-53.2516,0.295556,0.442
982000,0,-0.0648113,-54.9097,0.168314,0.438
983000,0,-0.864722,-52.5663,0.516831,0.452
984000,0,-0.164332,-54.2897,0.690178,0.4665
985000,0,-1.03485,-52.9767,0.595336,0.4695
986000,0,0.607694,-55.1781,0.12087,0.480706
987000,0,-1.06143,-52.8128,0.798217,0.398
988000,0,-0.309315,-52.8174,0.184323,0.4505
989000,0,0.412686,-53.4886,0.388957,0.421
990000,0,0.438761,-52.7646,0.1262,0.492
991000,0,-0.185114,-52.5594,0.173889,0.386
992000,0,-1.25677,-52.3622,1.116,0.457
993000,0,-0.254902,-53.3574,0.516175,0.4414
994000,1,-2.07213,-54.6598,0.991723,0.435111
995000,0,0.141256,-53.4741,0.124815,0.43575
996000,0,0.0482,-57.0305,0.803113,0.466
997000,0,0.242465,-54.4764,0.229753,0.417
998000,0,-0.165835,-54.0947,0.737419,0.457
999000,0,0.497122,-54.5848,0.184579,0.378
1000000,0,0.568913,-53.4334,0.0358867,0.431571
1001000,0,-2.00524,-55.1742,1.84875,0.408
1002000,0,0.501154,-52.7011,0.0530742,0.426667
1003000,0,-0.861817,-56.6177,0.935206,0.413
1004000,0,-1.49425,-53.8083,0.979488,0.434222
1005000,0,0.0548083,-55.3001,0.149383,0.44
1006000,0,-0.622787,-57.3445,0.788312,0.43
1007000,0,-2.59625,-54.7931,0.141754,0.49
1008000,0,0.281935,-53.3422,0.145706,0.415
1009000,1,0.160815,-52.6994,0.405862,0.4762
1010000,2,-2.62267,-61.4563,1.4912,0.448222
1011000,0,0.2665,-55.7776,0.0235951,0.408
1012000,0,-3.46302,-51.9118,0.0776579,0.457556
1013000,0,-0.0649856,-53.3428,0.317202,0.43
1014000,1,-0.52347,-53.3063,1.24119,0.505667
1015000,0,-0.693976,-52.5806,0.108738,0.457
1016000,0,-0.759091,-52.5735,0.0307429,0.483667
1017000,0,0.522043,-53.0486,0.0685268,0.4735
1018000,0,-0.204641,-54.9205,0.169899,0.4641
1019000,0,-1.30135,-54.2584,1.84741,0.44
1020000,0,-0.688872,-53.096,0.0260552,0.411
1021000,0,-1.33872,-53.8865,1.83277,0.549
1022000,0,0.307222,-54.9599,0.0546798,0.452
1023000,0,-1.88726,-53.4514,0.272288,0.399
1024000,0,0.632479,-53.2307,0.208132,0.45625
1025000,0,0.391481,-53.8141,0.28856,0.437
1026000,0,-1.40218,-52.5989,1.31139,0.434333
1027000,0,0.243874,-55.0933,0.185809,0.446
1028000,0,0.164087,-55.227,0.207936,0.4368
1029000,0,-0.0394578,-54.0508,0.067398,0.4605
1030000,1,-0.449883,-56.227,0.586445,0.4786
1031000,0,-3.62886,-53.5111,0.0813409,0.436
1032000,1,-1.2135,-55.1207,1.1831,0.4605
1033000,0,0.302739,-55.5339,0.141527,0.447
1034000,0,-0.562431,-53.7711,0.791672,0.446
1035000,0,0.0175887,-54.5549,0.179611,0.434
1036000,1,-2.32196,-54.3009,0.470474,0.462714
1037000,0,-0.518556,-52.4606,0.221202,0.402
1038000,1,-4.099,-55.6661,2.55076,0.436
1039000,0,-0.960425,-52.8252,1.20244,0.403
1040000,0,-0.626481,-53.8228,0.263962,0.466
1041000,0,-2.12836,-53.8108,1.96982,0.458531
1042000,1,-2.41834,-57.1585,1.78821,0.447
1043000,0,0.226447,-55.0217,0.15593,0.524
1044000,0,-1.34703,-54.3931,0.302337,0.387
1045000,0,-1.40408,-52.6828,0.1929,0.436
1046000,0,-0.324977,-53.5427,0.690699,0.441909
1047000,1,-2.51996,-54.5544,1.95437,0.473
1048000,0,-2.79783,-52.6598,1.67816,0.434
1049000,0,-1.55341,-54.6144,2.11045,0.542
1050000,0,-0.417818,-52.9482,0.0111341,0.477667
1051000,1,-0.181158,-57.4646,0.876698,0.4654
1052000,0,-1.5484,-53.4969,1.99588,0.47
1053000,0,-0.297419,-54.2108,0.186293,0.415
1054000,0,0.559021,-55.1673,0.108588,0.4
1055000,0,0.54202,-54.8757,0.0123114,0.401
1056000,0,-1.33241,-53.5823,0.312601,0.414
1057000,0,-1.67397,-52.7916,1.73964,0.435
1058000,1,-0.0252262,-53.0016,0.50335,0.506
1059000,0,-4.30847,-52.183,1.17332,0.448143
1060000,0,-1.47492,-52.8151,0.253824,0.396
1061000,0,-4.5879,-53.9801,0.349744,0.4437
1062000,0,-0.021094,-55.0103,0.458906,0.449692
1063000,0,-0.491696,-52.5608,0.241142,0.41
1064000,1,-0.290381,-53.2228,0.273906,0.442
1065000,0,0.388723,-53.275,0.310619,0.416
1066000,1,-1.51896,-54.5083,2.64827,0.439167
1067000,1,-2.89083,-55.5526,1.14647,0.5445
1068000,0,-4.58832,-52.9035,1.78559,0.484
1069000,0,-1.04328,-53.9694,1.00839,0.460375
1070000,0,-0.917526,-52.5693,0.3281,0.453
1071000,0,-0.0455731,-54.3268,0.551249,0.448667
1072000,1,-1.29293,-53.8203,0.410606,0.4572
1073000,0,-0.503308,-53.6333,0.154723,0.460333
1074000,1,-0.993092,-54.3547,0.269564,0.506
1075000,0,-5.47728,-52.8525,1.88878,0.459588
1076000,0,-0.183234,-53.2226,0.62486,0.47175
1077000,0,-0.993152,-54.6896,1.56476,0.439
1078000,0,0.545196,-53.2683,0.126489,0.428
1079000,2,-0.771587,-55.4777,1.46378,0.444
1080000,0,-0.370955,-54.6788,1.09355,0.4755
1081000,1,-2.28723,-56.9825,1.98145,0.492
1082000,0,-0.6229,-55.3116,0.804681,0.39
1083000,0,-0.163379,-53.2642,0.768338,0.408
1084000,0,-1.73633,-54.3292,0.22158,0.47
1085000,0,-0.421555,-55.6059,0.184662,0.4497
1086000,0,0.138541,-52.914,0.203543,0.423429
1087000,0,0.0775504,-53.7085,0.499078,0.424333
1088000,0,-1.064,-57.0183,0.0469505,0.433
1089000,0,0.445613,-54.5357,0.00443286,0.462722
1090000,0,0.382393,-53.3114,0.323347,0.449
1091000,0,-1.30781,-52.9569,0.215373,0.48
1092000,2,-4.64896,-55.1273,1.16028,0.501
1093000,0,-2.14559,-53.155,0.056459,0.4696
1094000,3,-4.01275,-55.9129,1.05272,0.477778
1095000,0,-0.80915,-53.9549,0.632352,0.458
1096000,0,0.0331605,-54.0407,0.416043,0.45925
1097000,1,-1.10895,-52.7276,0.23044,0.506
1098000,0,0.0157787,-53.8635,0.392873,0.47
1099000,1,-2.16323,-53.4939,0.406067,0.498
1100000,1,-7.51064,-56.1131,0.381124,0.433
1101000,0,-0.793693,-52.8449,0.462865,0.41875
1102000,1,-0.683908,-53.1754,0.593226,0.416
1103000,0,-1.35046,-54.6682,0.0510745,0.4342
1104000,0,0.3542,-54.6364,0.146251,0.43
1105000,0,-0.357715,-53.5825,0.111848,0.4576
1106000,0,0.298001,-53.8697,0.318364,0.44625
1107000,0,0.443499,-55.0466,0.163866,0.484
1108000,1,-1.32728,-56.9798,1.28266,0.4534
1109000,0,-3.12275,-53.4297,0.857909,0.4135
1110000,0,-0.0474143,-54.6055,0.133237,0.403
1111000,0,-1.0875,-56.2558,1.18826,0.429
1112000,1,-3.23303,-55.3671,1.35177,0.443875
1113000,0,-0.364561,-52.757,0.527492,0.434
1114000,0,-0.779654,-52.8789,0.943871,0.414
1115000,0,-0.360736,-58.8291,0.18432,0.4225
1116000,0,-3.18685,-53.6572,0.142152,0.403
1117000,0,-1.31595,-57.3998,0.590741,0.425222
1118000,0,-2.15625,-52.221,0.159133,0.405
1119000,1,-2.98561,-54.0592,0.888795,0.395
1120000,0,-0.886247,-52.5773,0.506542,0.4425
1121000,0,-0.224758,-52.9497,0.405769,0.446
1122000,0,-2.81917,-52.6479,0.707597,0.466667
1123000,0,-1.40652,-53.1984,2.14921,0.449
1124000,1,0.380503,-53.0298,1.22973,0.414
1125000,0,-0.0943276,-53.9386,0.307372,0.427545
1126000,0,-0.219523,-56.0955,0.0196732,0.444
1127000,0,0.156453,-55.8285,0.129679,0.42
1128000,0,-0.00278007,-53.176,0.100423,0.4
1129000,0,-0.0183324,-54.7754,0.138742,0.432286
1130000,0,0.0289921,-53.4829,0.131377,0.421833
1131000,0,-0.398263,-56.6474,0.994084,0.442667
1132000,0,-1.41146,-55.195,0.205771,0.439375
1133000,2,-1.34543,-53.1887,2.62661,0.461333
1134000,0,-2.20961,-53.3398,0.201614,0.538
1135000,1,-3.54905,-53.8261,0.672201,0.461
1136000,0,-1.56945,-53.0115,1.05383,0.476
1137000,0,-0.874292,-54.2555,0.391936,0.451
1138000,1,0.223053,-52.6568,1.03483,0.483
1139000,1,-1.33249,-52.4714,0.848202,0.497714
1140000,1,-3.85078,-52.8884,0.522633,0.506667
1141000,0,0.531719,-54.721,0.0362431,0.418
1142000,5,-3.23152,-54.8352,2.86191,0.485
1143000,0,-1.24727,-53.5086,0.0188155,0.478917
1144000,0,-1.2428,-54.7592,0.472899,0.427
1145000,0,-0.136415,-54.3002,0.581896,0.389
1146000,0,0.0861916,-53.6056,0.187626,0.484875
1147000,0,-0.232151,-53.0375,0.340277,0.4446
1148000,0,-1.33656,-58.3546,1.74934,0.457286
1149000,0,-0.0895024,-53.1647,0.803195,0.465
1150000,0,-3.81285,-54.941,0.148969,0.385
1151000,1,-1.92519,-56.5141,1.05512,0.4655
1152000,0,-0.165578,-53.3741,0.902565,0.4876
1153000,0,-0.0404529,-53.1134,0.618169,0.4385
1154000,0,-3.14824,-52.8956,0.146031,0.45775
1155000,0,-0.200422,-55.9177,0.264491,0.458667
1156000,0,-0.201392,-53.2148,0.244395,0.492
1157000,0,-0.441855,-52.352,0.302269,0.457
1158000,0,-0.890039,-52.713,0.390625,0.535
1159000,0,-0.119626,-55.4344,0.535019,0.456
1160000,0,0.167364,-53.9767,0.100107,0.462833
1161000,1,-3.83499,-56.0487,1.36956,0.462
1162000,0,-0.768174,-52.5243,0.389019,0.473
1163000,0,-3.16954,-54.0113,0.995279,0.409
1164000,0,0.163119,-55.5764,0.0637464,0.463
1165000,0,-0.373452,-55.2431,0.288324,0.449
1166000,0,-0.1554,-53.7307,0.0419694,0.442429
1167000,0,0.565507,-53.9444,0.064898,0.432714
1168000,0,-0.699963,-55.974,0.341761,0.415
1169000,1,-1.05581,-54.79,1.21233,0.45325
1170000,1,-0.543944,-53.6655,0.550458,0.446
1171000,0,-2.31954,-64.1658,0.0626064,0.452
1172000,0,0.396737,-52.9778,0.0899627,0.427
1173000,0,-0.440692,-53.0544,0.957085,0.445333
1174000,0,-1.18984,-55.9139,1.73707,0.4595
1175000,0,0.367663,-53.4448,0.218673,0.444
1176000,0,-2.14317,-53.8199,1.98976,0.498
1177000,0,-0.000903215,-55.2828,0.375963,0.453
1178000,0,0.168515,-53.8181,0.292028,0.486
1179000,0,-6.94847,-53.7218,0.775366,0.497333
1180000,0,-2.54573,-52.2958,1.16595,0.464364
1181000,1,-1.55613,-55.1286,1.98833,0.455333
1182000,0,-0.562339,-53.8392,0.277085,0.463
1183000,1,-2.99182,-53.6879,1.27136,0.575
1184000,0,0.145452,-53.1346,0.390103,0.4656
1185000,0,-1.92502,-53.0662,2.2254,0.4884
1186000,0,0.111696,-52.7072,0.278461,0.396
1187000,0,-0.538303,-55.346,0.592137,0.455333
1188000,0,0.379439,-52.8526,0.039013,0.401
1189000,0,-0.109279,-55.312,0.513792,0.456
1190000,0,0.163867,-54.3597,0.419561,0.384
1191000,0,-1.56158,-53.6745,0.0463852,0.445
1192000,0,-3.57625,-53.0106,0.0959992,0.447818
1193000,0,-0.503728,-52.9571,0.180298,0.4376
1194000,0,-1.60307,-55.052,1.86047,0.401
1195000,0,-1.38645,-52.5897,1.19959,0.404667
1196000,0,0.407193,-53.4875,0.252514,0.457
1197000,1,-1.03096,-55.2166,0.595836,0.522
1198000,1,-0.535622,-54.299,0.354694,0.49875
1199000,0,0.312215,-54.2574,0.288391,0.483
1200000,0,0.456631,-53.922,0.371688,0.508667
1201000,0,-2.35721,-52.3496,0.313355,0.402
1202000,1,0.329717,-53.6883,0.593053,0.45075
1203000,0,-0.167343,-53.4066,0.559139,0.41475
1204000,0,-0.699524,-53.6585,0.24126,0.424
1205000,1,-0.986191,-57.3677,0.546166,0.459929
1206000,0,-1.40981,-54.3601,0.6595,0.4585
1207000,0,-1.20756,-53.3562,0.489582,0.4335
1208000,0,0.0916956,-53.8539,0.366697,0.434
1209000,0,-0.250321,-55.3953,0.0374402,0.423875
1210000,0,0.40882,-53.0857,0.376472,0.45
1211000,0,-0.495844,-53.35,0.544707,0.427
1212000,0,0.147826,-54.3845,0.418132,0.416
1213000,0,-0.403399,-54.2329,0.747767,0.438545
1214000,0,-4.42111,-53.9301,0.43301,0.407
1215000,1,-3.0674,-52.4005,1.22116,0.43025
1216000,0,0.497114,-54.0412,0.00622629,0.441
1217000,1,-0.807315,-54.5935,1.32654,0.563
1218000,0,0.376501,-53.2655,0.375251,0.444
1219000,1,-3.37503,-54.0288,0.650161,0.427
1220000,0,-0.43035,-52.9979,0.471417,0.48
1221000,1,-3.12142,-53.7712,0.959275,0.498857
1222000,0,-0.652343,-53.7217,0.29142,0.399
1223000,0,-1.6748,-52.7506,0.176703,0.455357
1224000,0,0.497608,-53.5088,0.0534441,0.449
1225000,0,-2.11363,-54.1592,0.0214323,0.434
1226000,1,-2.04027,-54.5745,0.840833,0.426
1227000,0,-2.71626,-53.6657,1.66265,0.4304
1228000,0,-3.33713,-53.1494,1.0505,0.419
1229000,0,-0.98461,-53.0608,1.50459,0.430222
1230000,1,0.366227,-55.7681,0.885529,0.4785
1231000,0,-0.0337433,-53.1279,0.0304233,0.545
1232000,4,-8.57468,-55.3639,0.977265,0.51175
1233000,0,-0.883412,-54.528,1.44497,0.521
1234000,0,-1.07318,-53.0659,0.0979095,0.4986
1235000,0,0.0359203,-53.7398,0.735982,0.5485
1236000,0,-0.181051,-53.8439,0.227222,0.430667
1237000,1,-1.10231,-56.6948,0.327339,0.482
1238000,0,-0.622416,-54.0161,1.0708,0.50875
1239000,0,-1.76063,-52.4506,1.43637,0.474
1240000,0,-3.63539,-53.6663,0.172155,0.432
1241000,1,-3.5466,-53.6969,2.42151,0.4975
1242000,0,0.297893,-54.1278,0.253095,0.464778
1243000,0,-1.43072,-55.4204,1.25439,0.489
1244000,0,-0.159889,-54.215,0.932247,0.452333
1245000,0,0.218924,-54.6319,0.268459,0.4649
1246000,0,0.155559,-53.0286,0.299691,0.404
1247000,1,0.21382,-55.0989,0.761786,0.432
1248000,1,-0.210586,-57.8755,0.248531,0.626
1249000,2,-4.18469,-54.2771,0.791694,0.475571
1250000,0,-0.680535,-52.8179,0.428862,0.469
1251000,0,-1.98458,-55.0867,1.85715,0.499
1252000,0,0.578344,-54.0268,0.167637,0.496667
1253000,0,0.530838,-53.9364,0.0492075,0.4774
1254000,0,0.069544,-53.0541,0.0576703,0.469833
1255000,0,-0.101285,-54.2376,0.85514,0.395
1256000,0,-2.59437,-52.7204,0.894963,0.4275
1257000,0,0.34984,-53.8749,0.258027,0.442
1258000,1,0.414458,-55.103,0.215193,0.46
1259000,0,-0.689459,-52.9791,0.571823,0.43425
1260000,0,0.312576,-54.4031,0.103294,0.440571
1261000,1,0.157223,-54.7194,0.473483,0.439
1262000,0,-0.514422,-54.3079,0.597702,0.447
1263000,0,-1.1236,-52.4976,0.0634619,0.518
1264000,0,-1.05039,-54.124,1.23187,0.4874
1265000,0,0.485459,-52.9681,0.0361833,0.485
1266000,0,-1.08922,-52.9016,0.100978,0.477
1267000,2,-3.72701,-52.4457,1.05996,0.466667
1268000,0,-0.185011,-52.8927,0.42368,0.5024
1269000,0,-2.27346,-54.155,0.609371,0.458
1270000,1,-2.83463,-53.6659,1.68259,0.443
1271000,1,-1.06961,-55.7184,0.680804,0.564
1272000,1,-3.9658,-54.7087,0.587134,0.536
1273000,0,0.516877,-52.724,0.0541518,0.488429
1274000,0,0.57827,-53.9562,0.0388911,0.485143
1275000,1,-1.40369,-54.9673,2.31858,0.438667
1276000,1,-2.46685,-53.566,1.0748,0.464
1277000,0,0.136462,-53.9973,0.0713941,0.398
1278000,0,-0.241642,-56.0436,0.598312,0.447
1279000,0,-1.25586,-52.6153,1.34076,0.439
1280000,0,-0.157349,-53.3255,0.00429661,0.464143
1281000,0,0.322597,-53.4703,0.31234,0.408
1282000,0,0.463083,-54.373,0.0834431,0.431
1283000,2,-2.60264,-54.5486,1.27597,0.439
1284000,0,-0.21091,-54.1697,0.233743,0.472
1285000,0,-0.496628,-58.393,0.206504,0.436333
1286000,0,-0.378658,-53.287,0.950863,0.4495
1287000,0,-0.29878,-54.1958,1.07971,0.396
1288000,0,-1.61647,-54.2729,1.24712,0.371
1289000,0,-1.86053,-53.9349,0.543338,0.45425
1290000,0,-3.5403,-52.7138,1.02454,0.449
1291000,0,-2.37834,-53.8234,0.145448,0.434
1292000,0,-0.711264,-56.0478,0.295334,0.42925
1293000,0,0.435788,-53.4571,0.319434,0.393
1294000,1,-0.469585,-53.8427,1.5825,0.4
1295000,1,-1.61469,-55.0755,0.752168,0.448
1296000,0,-1.2033,-53.2608,0.951371,0.41925
1297000,0,-1.03085,-53.2068,0.337826,0.444937
1298000,0,-1.72701,-52.3649,0.783312,0.404
1299000,0,-0.974918,-53.9714,0.921806,0.424
1300000,0,0.211747,-53.0348,0.408471,0.4178
1301000,0,-1.81342,-53.2386,0.0349937,0.399
1302000,0,0.492501,-53.7079,0.249011,0.4425
1303000,0,0.111911,-53.1015,0.118634,0.4156
1304000,0,0.427842,-55.9741,0.0214026,0.459
1305000,0,-1.06173,-55.5263,0.13102,0.405
1306000,1,-2.84318,-55.2167,0.995558,0.431
1307000,0,-1.93942,-53.1335,0.627066,0.449
1308000,0,-2.01342,-52.3634,0.397211,0.4378
1309000,1,-0.559884,-53.5026,1.1579,0.44375
1310000,0,0.546515,-53.8062,0.11898,0.499
1311000,0,-0.97735,-53.0084,0.112569,0.47
1312000,0,-0.29144,-53.2928,0.149137,0.413
1313000,0,-1.12727,-55.3216,0.960487,0.454083
1314000,0,0.111324,-53.1665,0.659835,0.397
1315000,1,-4.30187,-53.1407,2.87044,0.434
1316000,0,-1.12718,-53.7728,1.79169,0.419
1317000,0,-0.263133,-52.929,0.55591,0.407
1318000,0,-0.341576,-53.661,0.640233,0.492
1319000,1,-1.58421,-54.2263,1.73024,0.482
1320000,0,-0.656381,-53.7912,0.0889646,0.5012
1321000,0,-1.16259,-53.2421,0.580043,0.5055
1322000,0,-0.279587,-52.4713,0.00710587,0.388
1323000,0,0.158831,-53.1743,0.110183,0.459875
1324000,3,-5.17683,-55.5727,2.51983,0.463
1325000,0,-1.46075,-53.9828,1.60592,0.536
1326000,0,0.573334,-53.7999,0.184844,0.474
1327000,0,-0.488402,-54.2596,0.440342,0.458
1328000,2,-2.96791,-55.2771,1.96355,0.5
1329000,0,-0.496834,-52.8171,0.422853,0.443
1330000,0,0.28805,-53.5085,0.489872,0.416
1331000,0,-1.8435,-52.2635,0.240845,0.475444
1332000,0,-3.11897,-54.5579,0.0858871,0.461
1333000,0,-0.0449727,-53.4909,0.0817874,0.376
1334000,0,0.380293,-53.869,0.258837,0.455
1335000,0,0.397769,-53.5978,0.161972,0.4534
1336000,1,-0.884399,-55.2713,1.00758,0.5
1337000,0,-0.874172,-54.6745,1.28492,0.436
1338000,0,-2.44879,-53.2929,1.10835,0.452
1339000,0,0.50539,-53.1465,0.245143,0.416
1340000,0,0.464466,-54.4916,0.0306322,0.401
1341000,0,0.216141,-53.6824,0.378738,0.386
1342000,0,-0.165638,-53.6963,0.325405,0.425
1343000,1,-1.68508,-53.2751,1.47105,0.43325
1344000,0,-0.823148,-53.5627,0.920186,0.429
1345000,0,-0.23001,-52.3721,0.0405654,0.4435
1346000,0,0.0229252,-54.9394,0.110224,0.403
1347000,0,-0.0901723,-55.9116,0.0363785,0.423
1348000,0,-0.129575,-52.5251,0.201416,0.406
1349000,0,0.61747,-53.7841,0.0328627,0.436417
1350000,0,-1.68243,-52.9562,0.444482,0.538
1351000,0,-0.482121,-55.8247,0.61887,0.449
1352000,0,0.417181,-53.9239,0.279454,0.439
1353000,0,-0.535072,-55.2987,0.803422,0.392
1354000,0,-0.984196,-52.7639,1.01883,0.406
1355000,0,-0.497541,-52.674,0.1934,0.456
1356000,0,-1.07588,-52.8751,0.338519,0.450929
1357000,0,0.22723,-54.3143,0.184475,0.4164
1358000,0,-0.190454,-54.8348,0.449433,0.409
1359000,0,0.305545,-55.5914,0.0819436,0.393
1360000,0,-0.145529,-54.002,0.471122,0.4262
1361000,3,-2.34206,-55.0186,1.48615,0.4216
1362000,0,-0.852418,-54.123,1.47471,0.49
1363000,0,-0.88137,-53.1084,0.187197,0.469
1364000,0,-0.639084,-53.4734,1.06502,0.543
1365000,0,0.345805,-53.2038,0.143752,0.352
1366000,0,0.51245,-53.665,0.0350397,0.458714
1367000,1,-1.15381,-55.4558,1.64007,0.452
1368000,1,-0.202856,-55.4638,0.244203,0.4805
1369000,0,-0.501835,-53.0905,0.139387,0.4905
1370000,0,-0.951921,-53.8841,0.89924,0.404
1371000,0,-3.66646,-52.2811,0.152403,0.412
1372000,0,0.0109863,-53.1436,0.157395,0.458
1373000,0,-2.6038,-55.0264,0.512824,0.453625
1374000,0,-1.01619,-53.3321,0.925189,0.4095
1375000,1,0.624471,-54.2734,1.15092,0.491
1376000,0,-3.63365,-52.8939,0.221768,0.42625
1377000,0,0.191859,-53.0521,0.0574166,0.436182
1378000,1,0.732059,-54.0035,0.831065,0.567
1379000,0,-2.27762,-54.0522,2.04191,0.49725
1380000,0,-1.27106,-53.1638,0.334597,0.467571
1381000,0,0.0331964,-54.0775,0.35269,0.4732
1382000,0,-1.19232,-52.5773,0.327783,0.424
1383000,0,0.328481,-53.6063,0.282869,0.4606
1384000,3,-4.13899,-58.093,2.17358,0.4366
1385000,0,-0.871311,-53.0557,1.44178,0.435
1386000,0,0.210197,-53.9385,0.39178,0.445333
1387000,0,-1.09318,-52.3828,0.968469,0.488
1388000,0,0.298676,-53.6,0.0670436,0.476
1389000,0,-0.597504,-52.8455,0.0996668,0.461667
1390000,0,-1.91903,-53.0531,2.56087,0.433
1391000,0,-1.57984,-52.6807,1.65734,0.454143
1392000,0,0.205136,-53.2122,0.560381,0.4435
1393000,1,-1.89845,-55.6631,0.717203,0.453077
1394000,0,0.348007,-53.7469,0.00579252,0.421
1395000,0,-0.728353,-53.0075,0.35703,0.462667
1396000,0,-3.01022,-52.1408,0.419209,0.4515
1397000,0,-0.200586,-53.8329,0.488253,0.455
1398000,0,-0.0306196,-53.5088,0.769092,0.398
1399000,0,-2.90699,-56.0148,1.23606,0.413
1400000,0,-0.612511,-52.4739,0.232384,0.404
1401000,0,0.746586,-53.213,0.0428075,0.4375
1402000,0,-1.57833,-55.2893,0.27317,0.427
1403000,0,0.113981,-53.1854,0.646439,0.408571
1404000,0,0.565391,-54.738,0.0151623,0.417
1405000,0,0.489679,-54.0533,0.141843,0.427727
1406000,0,-0.144418,-54.1989,0.732644,0.408
1407000,1,-0.642076,-56.5903,1.24494,0.429714
1408000,0,0.233292,-52.8908,0.438323,0.407
1409000,0,-0.867316,-54.6331,0.0196366,0.444
1410000,0,0.462743,-54.5101,0.0890322,0.387
1411000,1,0.218546,-56.4682,0.206652,0.401333
1412000,2,-0.835856,-54.5457,0.892002,0.423667
1413000,0,0.0122193,-56.6353,0.295541,0.451
1414000,1,-3.29357,-53.4602,0.265563,0.442
1415000,0,-2.03173,-52.8202,0.0143326,0.444333
1416000,1,-3.30871,-54.3521,0.986557,0.421
1417000,0,-0.467568,-53.3671,0.375047,0.42
1418000,0,-0.834928,-55.5285,0.281956,0.457
1419000,0,-1.0632,-53.7018,1.23181,0.441
1420000,0,0.405559,-54.8077,0.139883,0.41
1421000,0,-0.134601,-54.7006,0.275416,0.447
1422000,0,-0.194403,-54.6424,0.0622195,0.451
1423000,1,0.041798,-53.653,0.221363,0.453833
1424000,0,-0.717535,-55.4128,0.530062,0.432
1425000,0,-0.588102,-55.8991,0.53463,0.4285
1426000,0,-0.395096,-53.3481,0.67001,0.488
1427000,1,-3.48956,-54.8794,4.05714,0.468
1428000,0,-0.97475,-52.7723,0.135958,0.428
1429000,0,-1.09706,-53.5461,0.0900466,0.444053
1430000,0,-0.0414545,-53.0512,0.219589,0.401
1431000,0,-0.413309,-53.1021,0.0373526,0.381
1432000,0,-2.16763,-53.5641,0.177917,0.425
1433000,0,-0.0744709,-55.4063,0.223591,0.406
1434000,3,-7.36427,-55.5637,1.84509,0.549
1435000,0,-0.0874764,-54.0794,0.166604,0.513
1436000,0,0.243769,-54.3862,0.385347,0.436
1437000,0,0.00130895,-54.3376,0.544307,0.434
1438000,0,-2.45086,-54.0448,0.821751,0.427
1439000,0,0.417976,-54.759,0.106369,0.435625
1440000,0,-0.947225,-52.6279,0.886882,0.396
1441000,0,-0.0863182,-53.6887,0.847639,0.499
1442000,0,-1.10825,-53.9941,0.634497,0.421
1443000,0,-0.409547,-53.0015,0.947824,0.439429
1444000,0,-1.26033,-55.1347,0.027858,0.43825
1445000,2,0.239531,-52.9996,0.470416,0.466
1446000,1,-0.406595,-52.2765,0.78075,0.549
1447000,0,-1.99317,-52.7421,0.0930451,0.4432
1448000,0,-0.655941,-53.6261,0.61885,0.411
1449000,0,-0.184142,-52.5801,0.332195,0.417
1450000,0,-0.555567,-52.7313,0.368878,0.549
1451000,0,-1.96491,-52.9179,1.28588,0.436417
1452000,0,0.664766,-53.4957,0.063995,0.449889
1453000,0,-0.439001,-53.7271,0.896838,0.423
1454000,0,-0.909827,-53.4835,0.126264,0.432
1455000,0,0.603733,-53.7382,0.217369,0.399
1456000,1,-6.4183,-52.8524,1.24206,0.451
1457000,0,-2.22417,-59.2135,0.409324,0.574
1458000,0,-0.761546,-53.0988,1.49535,0.447917
1459000,0,-1.67172,-54.5168,1.27464,0.428
1460000,0,0.643595,-53.263,0.0292543,0.381
1461000,0,-4.01174,-53.3822,0.480958,0.51
1462000,0,-0.494501,-55.9847,0.409389,0.455333
1463000,0,0.15103,-53.5354,0.00769104,0.369
1464000,0,1.47973e-05,-54.086,0.634375,0.393
1465000,0,-2.5119,-52.8105,0.48292,0.422
1466000,0,0.654226,-53.3236,0.156882,0.446188
1467000,1,-2.54344,-56.8324,0.617978,0.517
1468000,1,-1.9544,-54.2764,1.06298,0.4585
1469000,0,0.392618,-53.9053,0.03351,0.519
1470000,0,-0.48963,-57.4938,0.19784,0.506
1471000,1,-3.44517,-54.6298,2.42746,0.462167
1472000,0,0.585283,-53.9443,0.240889,0.403
1473000,0,-0.428026,-54.3266,0.517427,0.394
1474000,0,0.329457,-54.423,0.265759,0.437
1475000,0,-2.1227,-52.2086,0.338681,0.411
1476000,0,0.248687,-53.3459,0.466095,0.433
1477000,0,-4.48611,-53.3453,0.217782,0.462143
1478000,0,-1.05488,-53.8379,0.131351,0.488
1479000,0,-2.54387,-55.421,0.126494,0.442833
1480000,0,-0.41981,-53.1221,0.197172,0.454
1481000,0,0.0129965,-53.3668,0.613877,0.43
1482000,0,-0.585017,-53.0625,0.94278,0.40925
1483000,0,0.312574,-54.0277,0.379894,0.427
1484000,0,-0.0655341,-54.1597,0.313627,0.4
1485000,0,-0.305156,-53.0747,0.0439208,0.4155
1486000,0,-1.36153,-53.8089,1.48269,0.505
1487000,0,-0.308155,-53.1985,0.819311,0.432
1488000,0,-0.548417,-53.4282,0.461137,0.444545
1489000,0,-0.0179469,-54.6009,0.538451,0.395
1490000,0,0.385369,-54.0049,0.228124,0.434167
1491000,0,-0.500135,-52.8295,1.17262,0.427889
1492000,1,-3.62892,-53.7722,2.35001,0.444
1493000,0,-2.14634,-53.9875,0.120176,0.438
1494000,0,0.216626,-53.3298,0.260557,0.418
1495000,0,0.254087,-53.592,0.313959,0.461667
1496000,1,-0.969307,-55.3991,0.499901,0.434
1497000,0,-0.479845,-53.2018,0.235237,0.454143
1498000,0,-0.101299,-53.2699,0.473813,0.433
1499000,0,-0.414626,-52.9835,0.337456,0.4558
1500000,0,-3.30161,-53.1912,0.171228,0.415
1501000,0,-3.64042,-53.2275,0.466723,0.483667
1502000,2,-1.41739,-54.7979,1.44233,0.469667
1503000,0,-1.04735,-53.7675,1.72466,0.4745
1504000,0,-1.6403,-57.0931,1.25105,0.4547
1505000,0,-1.949,-52.257,0.101714,0.408
1506000,0,-2.31063,-56.6774,0.0193235,0.403
1507000,0,0.567329,-53.8506,0.0991917,0.441286
1508000,0,-0.626162,-53.855,0.272731,0.456
1509000,3,-4.19133,-54.0644,1.43326,0.452
1510000,0,-5.46227,-53.6432,0.421379,0.505
1511000,1,-6.00422,-54.9492,2.58134,0.44075
1512000,0,0.0664759,-54.0602,0.494192,0.426
1513000,0,-1.01268,-53.7694,1.12555,0.429
1514000,0,0.0538893,-53.7042,0.0909692,0.451
1515000,0,0.039769,-53.4759,0.663353,0.453
1516000,1,-1.66308,-53.1924,1.24561,0.4485
1517000,0,0.276767,-53.7178,0.272412,0.4745
1518000,0,-0.759978,-53.9663,0.33703,0.443375
1519000,0,-0.748561,-53.047,0.81606,0.461
1520000,0,0.655744,-53.8756,0.0515257,0.452429
1521000,0,0.335899,-54.0497,0.29211,0.43
1522000,0,-0.651488,-54.9642,0.4358,0.434
1523000,0,-1.04743,-54.9598,0.49865,0.537
1524000,0,0.143741,-54.044,0.518148,0.411
1525000,0,0.129082,-53.0877,0.105926,0.469
1526000,0,-0.941704,-53.3478,1.48731,0.448286
1527000,0,-1.78726,-54.1487,0.716531,0.439
1528000,0,-0.252507,-53.529,0.0507935,0.4805
1529000,1,-2.70159,-53.5471,1.35016,0.4845
1530000,0,-0.97835,-54.5077,1.21751,0.526
1531000,0,-0.653105,-54.4764,0.687247,0.414
1532000,0,-0.175505,-54.6395,0.120686,0.45
1533000,0,-1.30178,-55.2912,1.36294,0.436
1534000,0,0.273123,-55.4464,0.093375,0.474333
1535000,0,-1.12885,-52.6209,1.13063,0.447
1536000,0,-0.0430874,-54.6125,0.498498,0.458429
1537000,0,-0.153967,-54.8615,0.0720501,0.438
1538000,0,-0.970498,-53.5636,1.66136,0.462318
1539000,0,0.146806,-52.8528,0.174878,0.4624
1540000,2,-2.57197,-52.8013,4.64016,0.519
1541000,0,-1.352,-54.0896,1.13336,0.482
1542000,0,0.465111,-53.4877,0.30954,0.394
1543000,0,-0.97263,-52.7364,0.960526,0.434
1544000,0,0.0220408,-56.3638,0.137255,0.4585
1545000,0,0.27182,-55.4564,0.173376,0.393
1546000,5,-11.8468,-57.8147,3.82418,0.502333
1547000,1,-0.746427,-56.3668,0.962913,0.4962
1548000,0,-0.921815,-54.6136,1.25704,0.393
1549000,0,-0.0792693,-57.722,0.785997,0.494778
1550000,0,-2.45751,-54.3477,0.678244,0.498
1551000,0,-0.624748,-52.8028,0.155881,0.461333
1552000,0,-0.0758409,-55.0231,0.60327,0.4575
1553000,0,0.44318,-53.953,0.0255266,0.403
1554000,0,0.269849,-53.1237,0.517805,0.462
1555000,0,-1.01208,-54.8071,1.70833,0.485
1556000,0,-0.631485,-53.9563,1.12997,0.421
1557000,0,0.285935,-53.3336,0.155964,0.468583
1558000,0,0.0832461,-54.1529,0.516026,0.447571
1559000,0,-0.396128,-54.663,0.435286,0.467
1560000,0,0.178235,-53.2696,0.568934,0.451667
1561000,0,-1.74544,-52.5854,1.00003,0.45
1562000,0,0.420721,-53.5603,0.255415,0.439
1563000,0,-2.21408,-53.489,2.82056,0.441385
1564000,0,-2.27367,-53.2768,0.146977,0.4422
1565000,0,-0.855487,-53.3725,0.00761611,0.4085
1566000,0,-2.3509,-52.6193,1.04978,0.45475
1567000,0,-0.0868894,-54.3455,0.0967757,0.431167
1568000,2,-0.506288,-54.4764,1.52784,0.471
1569000,0,-0.982744,-58.0578,0.814693,0.432667
1570000,1,-1.89598,-53.4568,0.81313,0.431
1571000,0,-0.0314127,-52.8443,0.220586,0.430667
1572000,0,-2.07556,-54.8915,1.04549,0.441
1573000,1,-2.55635,-54.5836,1.11681,0.399
1574000,0,0.00336084,-53.003,0.517863,0.4341
1575000,0,-1.95143,-52.6572,1.33858,0.424
1576000,0,-4.26883,-54.9311,1.2797,0.448625
1577000,2,-5.07617,-55.3813,1.19262,0.487
1578000,1,-0.646486,-53.8686,0.820929,0.4888
1579000,0,0.247141,-53.9995,0.506375,0.467889
1580000,0,-1.10563,-52.5555,0.290184,0.446
1581000,0,-1.14603,-56.1386,0.429669,0.50125
1582000,0,0.249817,-53.3993,0.479227,0.48325
1583000,1,-3.25157,-54.3296,0.717676,0.426
1584000,0,-1.77554,-53.0324,0.476779,0.471
1585000,2,-0.461439,-55.1639,1.06136,0.4979
1586000,0,-0.62714,-56.3457,0.42204,0.515667
1587000,0,-0.0229842,-54.4586,0.448956,0.403
1588000,0,-0.115108,-52.7311,0.0908269,0.401
1589000,0,-1.37771,-55.7517,1.43082,0.425
1590000,0,0.690238,-52.83,0.0434477,0.4574
1591000,0,0.180221,-53.2017,0.199228,0.41
1592000,0,0.529304,-54.9183,0.0306068,0.4
1593000,1,-4.97695,-53.9897,1.49643,0.539
1594000,1,-3.29049,-54.3932,0.37739,0.492643
1595000,0,-1.5725,-52.7712,1.52262,0.466909
1596000,0,-0.678874,-53.0267,0.594308,0.481
1597000,0,-0.797718,-53.5551,0.887488,0.422
1598000,1,-3.13738,-52.1014,0.666964,0.544
1599000,0,0.599578,-53.5032,0.049639,0.433
1600000,0,-1.08371,-53.5626,0.24811,0.448
1601000,0,-0.36697,-54.2026,0.117126,0.454417
1602000,0,-0.240704,-53.8745,0.391402,0.44
1603000,0,-0.481949,-53.0185,0.542646,0.4634
1604000,1,-1.56935,-52.5247,1.38304,0.4385
1605000,0,0.189269,-55.4975,0.204442,0.450636
1606000,0,-0.686851,-53.2178,0.460121,0.416
1607000,0,-0.633993,-53.9864,0.776738,0.42
1608000,0,-0.24082,-53.3783,0.587629,0.430375
1609000,0,0.430057,-52.9922,0.239777,0.413
1610000,0,-1.41863,-52.6519,0.614326,0.4115
1611000,1,-2.26714,-53.9107,0.670733,0.42575
1612000,0,-0.464077,-54.7438,0.033516,0.423286
1613000,0,-2.06471,-53.4143,0.610292,0.424
1614000,0,-2.75922,-52.622,0.314186,0.4582
1615000,0,-1.55967,-53.7217,0.653483,0.45675
1616000,1,-6.09816,-53.5186,0.719495,0.4565
1617000,0,-1.25972,-52.9121,0.585894,0.399
1618000,0,-0.798225,-53.0896,1.45959,0.458375
1619000,0,-0.828059,-52.9967,0.153177,0.414
1620000,0,0.0479724,-52.9785,0.0104731,0.4222
1621000,0,-0.424105,-54.0089,0.674326,0.405
1622000,0,-0.00967969,-54.2044,0.544518,0.437
1623000,0,0.585654,-53.1218,0.00639618,0.406
1624000,1,-0.0218762,-55.3532,0.385588,0.426455
1625000,0,0.129668,-55.5254,0.616323,0.436
1626000,1,-5.31335,-52.928,0.617475,0.481333
1627000,0,-0.719875,-53.4507,0.690868,0.4199
1628000,0,0.251505,-54.764,0.0490772,0.406
1629000,0,-0.0243793,-57.1225,0.134566,0.398
1630000,0,0.216538,-53.2432,0.436394,0.4255
1631000,0,0.32755,-53.203,0.435615,0.402
1632000,0,0.120039,-55.0801,0.424639,0.434417
1633000,0,-0.0217331,-55.9527,0.407679,0.458
1634000,1,1.50862,-51.973,0.243076,0.443333
1635000,1,-3.30525,-53.1074,1.42614,0.55
1636000,0,-0.410523,-53.768,0.79981,0.526
1637000,0,-1.53538,-53.2202,0.791771,0.389
1638000,0,0.321181,-53.4203,0.274219,0.408
1639000,0,-0.516757,-54.98,0.485715,0.489
1640000,0,-0.393103,-54.4454,0.811071,0.422
1641000,0,-0.226948,-54.466,0.509316,0.452357
1642000,0,-1.1493,-56.7203,1.2002,0.43
1643000,0,-0.747606,-55.266,1.28087,0.415
1644000,0,-1.33991,-52.7775,0.264631,0.43875
1645000,0,-1.57507,-53.7336,2.00782,0.460333
1646000,0,-1.00612,-52.8361,0.836067,0.5325
1647000,1,-1.56323,-55.2177,2.39287,0.4
1648000,0,-0.154739,-55.7943,0.0989437,0.396
1649000,0,-2.80272,-53.2228,0.474867,0.428
1650000,0,-1.39789,-54.3374,1.49674,0.445095
1651000,0,-0.563739,-53.4142,0.348783,0.412
1652000,0,-0.0165453,-53.05,0.424311,0.422333
1653000,0,-0.138028,-52.5691,0.054538,0.4445
1654000,1,-4.85687,-54.9974,0.633037,0.415
1655000,1,-7.19297,-56.0633,0.912198,0.469
1656000,0,-1.94861,-53.6163,2.60676,0.533
1657000,0,0.622502,-55.3365,0.0216333,0.424
1658000,1,-2.61566,-55.1009,2.09327,0.504
1659000,0,-0.786406,-53.6706,1.12695,0.485667
1660000,1,-2.63891,-57.0353,1.0176,0.452333
1661000,0,0.549937,-53.7574,0.110497,0.468
1662000,0,0.192932,-52.6992,0.0109428,0.49075
1663000,0,0.62161,-53.3046,0.217124,0.584
1664000,0,-0.0336714,-55.0738,0.545103,0.438
1665000,0,-0.490806,-53.7219,0.156677,0.476
1666000,0,-2.22512,-54.4378,2.82568,0.432
1667000,0,-0.477553,-57.9307,0.0220493,0.4665
1668000,0,0.409387,-53.4834,0.343377,0.409
1669000,0,-0.787955,-52.9509,0.591725,0.459
1670000,0,-0.588083,-53.6272,0.727341,0.43175
1671000,0,0.25687,-52.706,0.2676,0.466273
1672000,0,0.385231,-53.9387,0.239428,0.498333
1673000,0,0.684624,-53.4986,0.0239278,0.5485
1674000,1,-2.20585,-55.7833,0.797966,0.404
1675000,1,-0.854916,-54.4337,0.867792,0.478
1676000,0,0.602431,-53.0248,0.0288456,0.503
1677000,1,-3.46629,-53.9722,2.05771,0.418
1678000,0,0.111145,-54.4153,0.059603,0.441
1679000,0,-0.0868519,-57.2534,0.341882,0.451
1680000,0,0.410383,-54.4517,0.0190281,0.411
1681000,0,0.409655,-54.0943,0.031041,0.470176
1682000,0,-0.546351,-52.6912,0.782521,0.478917
1683000,0,0.306559,-54.112,0.233833,0.423
1684000,0,0.260849,-54.6252,0.0666987,0.467417
1685000,0,-1.84174,-52.9778,0.967535,0.4565
1686000,0,-1.68455,-54.3262,0.227432,0.4245
1687000,0,-0.309034,-52.7925,0.367569,0.426333
1688000,0,0.00702353,-54.3397,0.288393,0.524
1689000,0,-0.266738,-53.1365,0.338949,0.421
1690000,0,0.313758,-61.8969,0.376721,0.4443
1691000,1,-0.547264,-54.3581,0.982544,0.407
1692000,0,0.162978,-53.2389,0.259992,0.506
1693000,0,-0.820654,-53.5643,1.26881,0.4605
1694000,4,-10.221,-56.6627,4.81619,0.462
1695000,0,-2.42948,-53.2751,0.126658,0.543333
1696000,0,-0.539914,-53.5186,0.0852019,0.476091
1697000,0,-0.719442,-52.3217,0.156019,0.433
1698000,0,-2.39681,-53.0448,0.438795,0.438
1699000,0,-2.75281,-53.0842,1.12979,0.436333
1700000,2,-1.48332,-55.7418,1.19733,0.468071
1701000,1,-1.46225,-56.8467,1.55806,0.558
1702000,0,0.36888,-54.1881,0.218609,0.489625
1703000,0,0.553845,-52.9459,0.0578652,0.497
1704000,0,-0.891661,-54.8653,0.414303,0.483667
1705000,0,-0.0970763,-54.7369,0.514299,0.531
1706000,0,0.204811,-53.7619,0.406119,0.463875
1707000,0,0.183316,-52.5734,0.159159,0.491
1708000,0,-4.1316,-53.2932,0.491813,0.442
1709000,2,-0.949582,-53.0544,0.834604,0.443
1710000,1,-1.17557,-54.2097,2.31045,0.461
1711000,0,-0.473754,-53.3557,0.93941,0.496
1712000,0,0.0916251,-53.1311,0.665638,0.424
1713000,0,-2.58414,-53.905,0.419686,0.422
1714000,1,-4.43195,-52.5051,3.11684,0.4738
1715000,0,-0.0063111,-56.5205,0.46432,0.519
1716000,0,-3.00934,-58.2204,0.724774,0.409
1717000,0,-2.8646,-56.2968,0.18445,0.413
1718000,0,-2.13704,-52.8938,0.654701,0.480812
1719000,0,-0.436165,-57.11,0.904476,0.4815
1720000,1,-1.20076,-53.5625,0.77967,0.419
1721000,0,-1.47406,-54.289,0.249265,0.398
1722000,0,0.178413,-53.7372,0.0673042,0.469
1723000,0,-0.993486,-54.7274,0.49878,0.397
1724000,0,-0.190385,-54.93,0.064962,0.374
1725000,0,-0.730515,-53.1062,1.14578,0.447
1726000,1,0.0374372,-55.1664,0.623301,0.453
1727000,0,0.673972,-53.3262,0.0709232,0.414
1728000,0,-0.53747,-52.6234,0.244024,0.436889
1729000,0,0.693819,-53.6929,0.020959,0.471
1730000,1,0.554983,-56.7084,0.281615,0.422
1731000,0,-0.642997,-53.1989,0.357712,0.395
1732000,0,0.375314,-52.7571,0.0468306,0.435333
1733000,1,-1.67787,-54.346,1.71675,0.444
1734000,3,-10.4514,-55.3941,1.338,0.460333
1735000,0,-1.31669,-55.124,0.389332,0.4745
1736000,0,-0.381818,-54.6033,0.61296,0.47125
1737000,0,0.00569377,-53.0565,0.546773,0.4455
1738000,0,0.226385,-53.5153,0.499875,0.431333
1739000,0,0.226399,-54.6093,0.228929,0.47
1740000,0,0.0951274,-55.8022,0.0681471,0.433667
1741000,0,0.490779,-54.4668,0.336368,0.4615
1742000,0,-1.36163,-54.2831,0.380047,0.447
1743000,0,0.646429,-53.564,0.0580335,0.4085
1744000,0,-0.126152,-53.8866,0.0441377,0.437125
1745000,0,-2.00145,-53.0361,0.103255,0.424
1746000,1,-3.69076,-52.7027,1.01494,0.431
1747000,0,-1.43154,-53.424,2.16495,0.46
1748000,0,0.501665,-53.0635,0.217173,0.481
1749000,0,0.255565,-54.7807,0.489743,0.492
1750000,0,-0.737311,-52.7711,0.371649,0.466
1751000,0,-1.98319,-54.1355,0.963316,0.445909
1752000,0,-0.451899,-52.5861,0.783072,0.412
1753000,0,-0.735776,-55.759,1.10504,0.466
1754000,0,-2.29893,-53.5541,0.46154,0.429
1755000,0,-0.0447229,-53.8291,0.194044,0.455
1756000,0,-1.11712,-57.0852,0.294222,0.450833
1757000,0,-1.84327,-52.634,1.80736,0.467
1758000,0,-0.168746,-53.1552,0.82148,0.459625
1759000,0,-0.126155,-53.5626,0.105084,0.407
1760000,1,-0.184929,-55.2807,0.929502,0.411333
1761000,0,-0.900208,-54.4025,0.579346,0.48
1762000,0,-4.16099,-53.2533,0.410865,0.403
1763000,0,-1.16059,-53.0519,0.856118,0.473
1764000,0,-0.206964,-53.5191,0.634797,0.555
1765000,0,0.00242952,-53.7599,0.774355,0.496
1766000,0,-1.84693,-56.1113,0.152303,0.530714
1767000,0,-0.195938,-54.3959,0.108031,0.451542
1768000,0,0.357385,-53.8189,0.315702,0.41
1769000,0,-3.14149,-54.392,0.741589,0.443
1770000,0,-2.59042,-54.0981,0.382466,0.450733
1771000,0,0.353728,-54.1502,0.0351511,0.427
1772000,0,-3.21248,-53.9267,0.262517,0.418
1773000,0,-0.613215,-53.3975,0.23613,0.434
1774000,0,-0.0916828,-53.2538,0.185469,0.437
1775000,0,0.144318,-53.0411,0.133988,0.434
1776000,0,-1.59607,-52.7287,0.169388,0.424
1777000,0,-0.598392,-53.8235,0.177738,0.442091
1778000,2,0.436294,-54.3978,0.829143,0.414
1779000,1,-3.37608,-53.6461,0.480558,0.430571
1780000,0,-0.219001,-53.8003,0.679928,0.416
1781000,1,-4.83409,-57.0357,0.968075,0.451
1782000,0,-0.677362,-53.0838,0.39363,0.483
1783000,0,-0.295357,-52.9915,0.268282,0.397
1784000,0,0.654546,-53.1563,0.0555424,0.4302
1785000,0,-1.98804,-53.44,1.04229,0.428
1786000,0,-0.578565,-55.604,0.465848,0.393
1787000,0,-2.68492,-52.9168,0.0387671,0.468
1788000,0,0.378189,-54.0645,0.267413,0.433
1789000,0,-0.634617,-53.704,1.33962,0.407
1790000,0,-0.652953,-53.6017,0.519925,0.422857
1791000,0,-0.838698,-53.1868,0.801944,0.423533
1792000,0,-0.252663,-53.4788,0.281922,0.413
1793000,1,-2.00508,-56.7631,0.236413,0.476333
1794000,1,-2.07351,-52.653,0.298971,0.426
1795000,0,0.0695505,-53.7819,0.164694,0.453
1796000,0,0.278888,-52.9199,0.12961,0.460571
1797000,0,-0.411207,-55.1144,0.111935,0.4608
1798000,1,-3.00599,-53.8603,1.57372,0.413
1799000,0,-0.821819,-53.9695,0.831802,0.41775
1800000,0,0.441242,-57.2435,0.0924328,0.439
1801000,0,-0.129079,-54.0502,0.308333,0.4204
1802000,0,-0.531542,-55.8207,0.925163,0.405
1803000,0,0.267019,-53.189,0.0992334,0.398
1804000,0,-1.25778,-52.7277,0.50811,0.458
1805000,0,-1.12023,-57.6864,0.858729,0.4174
1806000,1,-0.813218,-53.5854,1.74001,0.508
1807000,0,0.170911,-54.6286,0.394503,0.452333
1808000,0,-0.295937,-53.0269,0.407382,0.47225
1809000,0,-1.05602,-54.5312,0.738524,0.357
1810000,0,0.0347164,-53.9816,0.23839,0.406333
1811000,0,-0.173902,-54.2731,0.695206,0.413
1812000,0,-0.0109992,-53.4282,0.0705469,0.425667
1813000,1,-0.321008,-53.1575,0.286201,0.441
1814000,0,-0.178629,-53.1017,0.332439,0.432333
1815000,0,-0.353602,-54.1051,0.301037,0.441
1816000,0,0.741594,-53.8945,0.0886179,0.414
1817000,3,-7.48601,-55.3436,2.07752,0.4585
1818000,0,-1.39658,-53.9781,0.873015,0.4836
1819000,0,-1.65042,-53.2029,0.382379,0.514333
1820000,0,0.575804,-55.0007,0.0125354,0.408
1821000,0,-1.05678,-53.2196,0.024375,0.419667
1822000,1,-2.00587,-53.4169,1.08204,0.431
1823000,0,-0.815602,-56.1784,1.0777,0.434
1824000,1,-1.57697,-57.6586,0.822337,0.526
1825000,0,-0.235001,-54.129,0.772717,0.44
1826000,0,0.601956,-52.9106,0.018506,0.444667
1827000,0,-0.488789,-53.7867,0.142792,0.421
1828000,0,0.245497,-53.641,0.462471,0.44
1829000,0,-1.073,-52.6831,0.117385,0.424
1830000,0,-2.94854,-52.5424,0.421686,0.4424
1831000,0,-0.0457569,-53.5391,0.649594,0.407
1832000,0,-1.27095,-53.1334,0.435109,0.445133
1833000,0,-0.0301235,-55.3687,0.440953,0.430333
1834000,0,-1.1949,-54.3037,0.502687,0.4256
1835000,1,-4.98127,-53.8387,5.38082,0.43
1836000,0,-0.125352,-53.3373,0.490649,0.480333
1837000,0,-1.53091,-52.6963,0.630829,0.386
1838000,1,-1.93336,-55.0132,1.56028,0.444
1839000,0,0.388926,-53.5325,0.317095,0.459
1840000,0,-1.18069,-53.4019,0.449698,0.447
1841000,0,0.17265,-56.6016,0.0895173,0.421
1842000,0,-0.621159,-53.7134,1.35579,0.417
1843000,1,-1.79305,-53.6724,1.40538,0.4425
1844000,1,-1.87082,-54.2172,1.39733,0.511
1845000,0,-1.11616,-53.8777,0.622448,0.481
1846000,0,-0.931976,-52.9042,0.710852,0.418
1847000,0,-2.23813,-53.3291,1.11898,0.422
1848000,0,-0.454674,-54.6043,0.293322,0.4484
1849000,0,-0.233653,-55.9998,0.441176,0.423
1850000,0,-2.04974,-52.9726,0.0339454,0.457056
1851000,0,-0.185077,-53.0828,0.0686468,0.393
1852000,2,-5.1356,-54.3272,1.42892,0.498
1853000,0,0.477512,-53.7894,0.264225,0.458778
1854000,0,-1.26092,-54.4025,1.68742,0.487
1855000,0,-0.195528,-56.3136,1.01673,0.426
1856000,0,-2.0732,-55.2754,1.5696,0.428
1857000,0,-3.55836,-52.803,0.988336,0.4095
1858000,0,-1.3892,-55.2534,1.42202,0.440222
1859000,0,-0.664409,-53.43,1.10087,0.511
1860000,0,-0.165112,-54.0029,0.37832,0.415
1861000,0,-0.668914,-56.0666,0.248648,0.4356
1862000,1,-0.215653,-53.2153,0.307527,0.4434
1863000,0,-1.03072,-53.0898,0.352604,0.458
1864000,0,-0.654564,-53.1353,1.11133,0.439667
1865000,0,-0.529087,-54.0329,0.779682,0.542
1866000,0,0.0347118,-52.7911,0.418677,0.377
1867000,0,-0.984854,-52.6792,0.837287,0.457
1868000,0,-0.916258,-53.6595,1.44721,0.453
1869000,0,0.0782967,-53.3303,0.146962,0.409
1870000,0,0.204822,-54.3491,0.311887,0.4353
1871000,1,0.330411,-57.4393,0.620038,0.477
1872000,0,-0.235949,-56.8339,0.0809572,0.44348
1873000,0,0.0879935,-53.7315,0.538514,0.4541
1874000,0,-0.313535,-54.6429,0.232499,0.428
1875000,0,-0.805808,-53.2626,0.133717,0.409
1876000,0,0.469212,-52.7877,0.144319,0.365
1877000,0,-0.554834,-53.3217,0.132083,0.398
1878000,1,-4.97859,-54.0517,1.00699,0.495
1879000,0,-0.272892,-54.0649,1.02718,0.438667
1880000,0,-0.651353,-53.6178,1.31763,0.428
1881000,0,-2.60779,-52.914,1.00688,0.468
1882000,0,0.461272,-54.6121,0.0341104,0.473
1883000,0,-0.841961,-55.3326,0.220975,0.4622
1884000,0,-1.90604,-54.3043,1.84402,0.459
1885000,0,-2.15885,-52.9624,0.0228313,0.458937
1886000,0,0.602127,-53.9749,0.00527636,0.426
1887000,0,0.322993,-56.5116,0.10013,0.4372
1888000,0,-1.23469,-56.3402,2.12846,0.431
1889000,0,-0.947429,-53.3785,0.643616,0.4346
1890000,0,-1.53751,-53.2055,1.20275,0.443333
1891000,0,0.0395967,-55.5644,0.554388,0.3935
1892000,0,0.0958707,-53.7897,0.280044,0.42725
1893000,0,-0.718896,-53.6366,0.681212,0.458
1894000,0,0.284606,-53.974,0.0740195,0.488
1895000,0,0.178959,-53.5485,0.34446,0.4576
1896000,0,-1.38498,-54.1163,0.76037,0.475
1897000,0,0.473391,-54.3208,0.0896577,0.450385
1898000,0,-0.145428,-52.3681,0.120928,0.4065
1899000,0,-1.50649,-53.0707,0.0150001,0.392
1900000,0,-0.0752162,-54.1195,0.662465,0.417
1901000,0,-0.211676,-54.5254,0.69275,0.39525
1902000,0,-0.147535,-52.4794,0.0385394,0.387
1903000,0,0.703546,-54.499,0.0200943,0.426778
1904000,0,-0.256182,-54.1112,0.0321853,0.448364
1905000,0,-0.866859,-54.9895,0.941521,0.433
1906000,0,-1.90008,-53.9024,0.515633,0.397
1907000,0,-0.42319,-54.3603,0.86285,0.43
1908000,0,-0.447823,-54.8959,0.855372,0.424
1909000,0,0.47718,-53.397,0.246112,0.414
1910000,0,-3.31432,-55.7363,0.805957,0.411
1911000,0,-2.74355,-52.7459,0.405304,0.424455
1912000,0,-0.071809,-55.5757,0.15989,0.41
1913000,0,0.025512,-54.5559,0.102892,0.412111
1914000,0,-0.48314,-53.3992,0.151267,0.423
1915000,0,0.25122,-53.2302,0.322894,0.41
1916000,3,-0.551696,-54.4016,0.730889,0.461333
1917000,0,-0.295469,-52.9327,0.0218855,0.549
1918000,0,0.464454,-54.1739,0.101948,0.395
1919000,0,-3.30243,-52.6719,0.176285,0.426
1920000,1,0.383088,-52.9779,0.786758,0.459333
1921000,1,-0.0867733,-52.9636,1.13203,0.4615
1922000,0,-1.01685,-53.6433,0.102009,0.469
1923000,0,0.0498883,-54.6788,0.204255,0.401
1924000,0,0.536143,-53.8676,0.0700538,0.48525
1925000,0,0.313789,-53.622,0.359597,0.476286
1926000,0,-0.558021,-54.5773,0.750218,0.4645
1927000,0,0.280288,-54.5404,0.292663,0.495
1928000,0,-1.60683,-58.1696,1.4654,0.4496
1929000,0,0.075789,-53.9068,0.561587,0.39
1930000,1,-1.28191,-54.2125,1.35285,0.447455
1931000,0,0.58405,-53.4226,0.0586656,0.462
1932000,0,0.572234,-53.6847,0.14097,0.4332
1933000,0,-5.74973,-55.1437,0.488979,0.4425
1934000,0,-3.95192,-52.1669,0.542058,0.4545
1935000,0,0.15444,-54.4884,0.263226,0.4
1936000,0,0.216918,-56.5555,0.0286729,0.414
1937000,0,-1.59984,-53.6876,0.843746,0.399
1938000,2,-3.01395,-53.8503,1.31231,0.467
1939000,0,0.525346,-54.1204,0.11755,0.4675
1940000,0,-1.21299,-55.2994,0.719373,0.493333
1941000,0,-0.453006,-52.7013,0.686828,0.463
1942000,0,-0.916376,-53.1371,0.136288,0.452
1943000,0,-1.66109,-53.2235,0.180153,0.438
1944000,0,-0.519708,-56.5371,0.548001,0.468067
1945000,0,0.18358,-53.3878,0.548104,0.428
1946000,2,-7.8348,-58.4185,0.997895,0.483
1947000,3,-0.609531,-54.3432,2.89648,0.599
1948000,1,0.109648,-54.384,0.776416,0.533667
1949000,0,0.24782,-53.0565,0.239551,0.412
1950000,0,-1.55592,-54.7545,2.26572,0.482714
1951000,0,0.106518,-53.0025,0.566919,0.45025
1952000,0,-0.909927,-53.0158,0.59362,0.482929
1953000,0,-0.541375,-53.9577,0.904029,0.407
1954000,0,0.275635,-55.7407,0.0335994,0.42625
1955000,0,-0.152574,-53.6323,0.741307,0.477
1956000,1,0.92289,-53.3855,0.513932,0.486
1957000,0,-0.465004,-54.0232,0.249673,0.440167
1958000,0,-1.23802,-53.3711,0.221836,0.403
1959000,1,-1.40905,-57.1474,0.638371,0.4361
1960000,0,-0.0659114,-53.6219,0.620624,0.42
1961000,0,0.429024,-53.4226,0.169146,0.449
1962000,0,-0.719775,-55.2886,1.10992,0.439
1963000,0,-5.68692,-53.1172,0.43448,0.41
1964000,2,-2.51144,-53.7943,1.08476,0.408667
1965000,0,-2.21288,-52.8301,0.269218,0.4545
1966000,0,-1.17945,-53.6445,0.850868,0.446
1967000,0,0.440585,-55.2797,0.108609,0.445143
1968000,0,-3.64639,-54.228,0.921768,0.449
1969000,0,-1.11543,-55.599,1.07091,0.448
1970000,1,-1.70533,-53.8722,0.641848,0.4485
1971000,0,-0.265384,-56.412,0.0251397,0.399
1972000,0,-0.214748,-54.7583,0.699211,0.457571
1973000,0,0.185734,-52.9766,0.0826345,0.414
1974000,0,0.48601,-54.7723,0.0841578,0.451333
1975000,0,0.259674,-55.7385,0.0610595,0.429
1976000,0,0.693521,-53.5235,0.0136958,0.47
1977000,0,0.000587266,-53.7359,0.656223,0.454
1978000,0,0.366065,-53.9995,0.129966,0.437
1979000,0,0.276896,-52.9612,0.23655,0.452333
1980000,0,-5.3069,-51.9861,2.74104,0.456429
1981000,0,-1.31644,-54.6989,0.880227,0.436
1982000,0,-0.670284,-53.3391,1.22972,0.452692
1983000,0,0.0230786,-53.9667,0.604935,0.446
1984000,0,-0.85223,-52.9411,0.0746355,0.4336
1985000,0,-1.12037,-53.306,0.0620024,0.4755
1986000,0,-0.452543,-54.7929,0.893815,0.508
1987000,0,-0.71509,-54.2779,1.18338,0.49
1988000,0,-0.225911,-55.8785,0.72045,0.47225
1989000,0,-0.672067,-53.0399,0.260044,0.401
1990000,0,0.577592,-55.4063,0.332698,0.453833
1991000,0,-3.02987,-54.4431,1.2023,0.4295
1992000,0,0.399454,-53.5551,0.279432,0.446
1993000,0,-2.42286,-53.0871,0.292736,0.397
1994000,1,-0.00601301,-55.611,0.481864,0.459
1995000,0,-2.0606,-54.4233,0.144416,0.45275
1996000,0,-0.521253,-52.6445,0.209271,0.4394
1997000,0,-0.236407,-54.2437,0.351164,0.444
1998000,1,-0.476988,-55.3952,0.801568,0.4855
1999000,0,-0.886956,-53.4364,0.464544,0.434
